0.00000000 0.15053763 0.19354839 0.00000000 0.01075269 0.00000000 0.02150538 0.00000000 0.01075269 0.00000000 0.01075269 0.00000000 0.01075269 0.00000000 0.00000000 0.00000000 0.00000000 0.20430108 0.11827957 0.12903226 0.13978495
0.13000000 0.00000000 0.17000000 0.00000000 0.01000000 0.02000000 0.00000000 0.01000000 0.00000000 0.02000000 0.00000000 0.00000000 0.02000000 0.00000000 0.00000000 0.00000000 0.01000000 0.14000000 0.19000000 0.13000000 0.15000000
0.14563107 0.12621359 0.00000000 0.23300971 0.00000000 0.01941748 0.00000000 0.00000000 0.00000000 0.00000000 0.00970874 0.00970874 0.00000000 0.00000000 0.00970874 0.00000000 0.00000000 0.00000000 0.12621359 0.17475728 0.14563107
0.01515152 0.00757576 0.14393939 0.00000000 0.13636364 0.23484848 0.12878788 0.15151515 0.12878788 0.00000000 0.00000000 0.00000000 0.00000000 0.00000000 0.00757576 0.00000000 0.00000000 0.01515152 0.00757576 0.00757576 0.01515152
0.00826446 0.00000000 0.00826446 0.16528926 0.00000000 0.13223140 0.14049587 0.14049587 0.19834711 0.15702479 0.00000000 0.00000000 0.00000000 0.00826446 0.00826446 0.00000000 0.00826446 0.01652893 0.00826446 0.00000000 0.00000000
0.00000000 0.00000000 0.00662252 0.14569536 0.13907285 0.00000000 0.14569536 0.13907285 0.18543046 0.19867550 0.00000000 0.01324503 0.00662252 0.00662252 0.00000000 0.00662252 0.00000000 0.00000000 0.00662252 0.00000000 0.00000000
0.00000000 0.00000000 0.00757576 0.15151515 0.13636364 0.18939394 0.00000000 0.16666667 0.17424242 0.13636364 0.00757576 0.00000000 0.00000000 0.00000000 0.00000000 0.00000000 0.00000000 0.00757576 0.02272727 0.00000000 0.00000000
0.00000000 0.00729927 0.00000000 0.14598540 0.13868613 0.12408759 0.15328467 0.00000000 0.21897810 0.16058394 0.00729927 0.00000000 0.00729927 0.00729927 0.00729927 0.00000000 0.00729927 0.00000000 0.00000000 0.00729927 0.00729927
0.00000000 0.00000000 0.00000000 0.13245033 0.12582781 0.18543046 0.11920530 0.15231788 0.00000000 0.21854305 0.01324503 0.00662252 0.00662252 0.01324503 0.00000000 0.00662252 0.00000000 0.00000000 0.00000000 0.00662252 0.01324503
0.00675676 0.00000000 0.00675676 0.00000000 0.12162162 0.16891892 0.18243243 0.18243243 0.14189189 0.00000000 0.13513514 0.00000000 0.00000000 0.00675676 0.00000000 0.00675676 0.02027027 0.00675676 0.01351351 0.00000000 0.00000000
0.00000000 0.00000000 0.00000000 0.00000000 0.00000000 0.00787402 0.00787402 0.00787402 0.00000000 0.16535433 0.00000000 0.14173228 0.19685039 0.15748031 0.16535433 0.12598425 0.00000000 0.00787402 0.00000000 0.00787402 0.00787402
0.00000000 0.00000000 0.00000000 0.00826446 0.01652893 0.00000000 0.01652893 0.00826446 0.00826446 0.00000000 0.23966942 0.00000000 0.09090909 0.21487603 0.13223140 0.10743802 0.14876033 0.00000000 0.00826446 0.00000000 0.00000000
0.00000000 0.01960784 0.00980392 0.00980392 0.00000000 0.00000000 0.00000000 0.00980392 0.00980392 0.00000000 0.16666667 0.17647059 0.00000000 0.13725490 0.17647059 0.10784314 0.14705882 0.00000000 0.00000000 0.00980392 0.01960784
0.00819672 0.00819672 0.00000000 0.00819672 0.00000000 0.00819672 0.00819672 0.00000000 0.00819672 0.00000000 0.13934426 0.19672131 0.17213115 0.00000000 0.15573770 0.13114754 0.15573770 0.00000000 0.00000000 0.00000000 0.00000000
0.00884956 0.00884956 0.00000000 0.00884956 0.00000000 0.00000000 0.00000000 0.00000000 0.00000000 0.00884956 0.20353982 0.15929204 0.13274336 0.18584071 0.00000000 0.12389381 0.15044248 0.00000000 0.00884956 0.00000000 0.00000000
0.01000000 0.02000000 0.00000000 0.00000000 0.00000000 0.00000000 0.01000000 0.00000000 0.00000000 0.01000000 0.12000000 0.16000000 0.12000000 0.15000000 0.18000000 0.00000000 0.21000000 0.00000000 0.00000000 0.01000000 0.00000000
0.00900901 0.01801802 0.00900901 0.00000000 0.00900901 0.01801802 0.00900901 0.00000000 0.00000000 0.00000000 0.00000000 0.18018018 0.09909910 0.16216216 0.12612613 0.19819820 0.00000000 0.15315315 0.00000000 0.00900901 0.00000000
0.15957447 0.10638298 0.00000000 0.00000000 0.01063830 0.02127660 0.00000000 0.01063830 0.00000000 0.00000000 0.01063830 0.02127660 0.00000000 0.01063830 0.01063830 0.00000000 0.13829787 0.00000000 0.17021277 0.17021277 0.15957447
0.12765957 0.18085106 0.18085106 0.01063830 0.01063830 0.00000000 0.01063830 0.02127660 0.02127660 0.00000000 0.00000000 0.01063830 0.00000000 0.00000000 0.00000000 0.01063830 0.00000000 0.09574468 0.00000000 0.15957447 0.15957447
0.16346154 0.20192308 0.14423077 0.00000000 0.00961538 0.00000000 0.00961538 0.00000000 0.00000000 0.00000000 0.01923077 0.00000000 0.00961538 0.00961538 0.00961538 0.00961538 0.00961538 0.09615385 0.12500000 0.00000000 0.18269231
0.13000000 0.15000000 0.11000000 0.01000000 0.00000000 0.00000000 0.00000000 0.00000000 0.02000000 0.01000000 0.00000000 0.00000000 0.00000000 0.00000000 0.01000000 0.03000000 0.01000000 0.18000000 0.12000000 0.22000000 0.00000000
