0.00000000 0.16239316 0.16239316 0.01709402 0.00854701 0.00854701 0.00854701 0.00000000 0.00000000 0.00854701 0.00000000 0.00000000 0.00000000 0.00000000 0.00000000 0.00854701 0.00854701 0.18803419 0.16239316 0.13675214 0.11965812
0.12500000 0.00000000 0.16346154 0.00961538 0.00000000 0.00000000 0.00961538 0.00961538 0.00961538 0.00961538 0.00000000 0.01923077 0.00000000 0.00961538 0.00961538 0.00000000 0.01923077 0.11538462 0.19230769 0.14423077 0.15384615
0.17741935 0.12903226 0.00000000 0.18548387 0.00000000 0.00000000 0.00000000 0.01612903 0.00000000 0.00806452 0.00806452 0.01612903 0.00806452 0.00806452 0.00000000 0.00806452 0.00806452 0.00000000 0.17741935 0.12903226 0.12096774
0.00813008 0.00000000 0.17073171 0.00000000 0.17073171 0.13008130 0.16260163 0.11382114 0.19512195 0.00000000 0.00813008 0.00000000 0.00000000 0.00000000 0.00813008 0.00813008 0.00000000 0.00813008 0.00000000 0.01626016 0.00000000
0.00000000 0.00000000 0.01123596 0.14606742 0.00000000 0.17977528 0.10112360 0.19101124 0.20224719 0.14606742 0.00000000 0.00000000 0.01123596 0.00000000 0.00000000 0.00000000 0.00000000 0.00000000 0.00000000 0.00000000 0.01123596
0.00970874 0.00000000 0.00970874 0.24271845 0.15533981 0.00000000 0.21359223 0.11650485 0.06796117 0.12621359 0.00000000 0.00970874 0.00970874 0.00000000 0.00000000 0.00970874 0.00000000 0.00000000 0.02912621 0.00000000 0.00000000
0.00000000 0.00000000 0.00943396 0.16981132 0.06603774 0.21698113 0.00000000 0.12264151 0.18867925 0.14150943 0.00943396 0.00943396 0.00943396 0.00000000 0.00000000 0.00943396 0.00943396 0.00000000 0.02830189 0.00943396 0.00000000
0.01123596 0.00000000 0.01123596 0.15730337 0.14606742 0.13483146 0.15730337 0.00000000 0.08988764 0.21348315 0.00000000 0.00000000 0.02247191 0.00000000 0.02247191 0.00000000 0.01123596 0.00000000 0.00000000 0.02247191 0.00000000
0.00000000 0.01960784 0.00000000 0.20588235 0.13725490 0.16666667 0.14705882 0.09803922 0.00000000 0.15686275 0.00000000 0.00980392 0.00980392 0.00000000 0.00980392 0.01960784 0.00980392 0.00000000 0.00000000 0.00980392 0.00000000
0.01010101 0.01010101 0.00000000 0.01010101 0.09090909 0.14141414 0.17171717 0.14141414 0.16161616 0.00000000 0.20202020 0.01010101 0.00000000 0.01010101 0.02020202 0.00000000 0.01010101 0.00000000 0.00000000 0.00000000 0.01010101
0.01639344 0.00000000 0.00000000 0.00000000 0.00819672 0.00000000 0.00819672 0.00000000 0.00819672 0.13114754 0.00000000 0.14754098 0.14754098 0.18032787 0.21311475 0.11475410 0.00000000 0.00819672 0.00819672 0.00819672 0.00000000
0.00781250 0.00000000 0.01562500 0.00781250 0.00781250 0.00781250 0.00000000 0.00781250 0.00000000 0.00000000 0.19531250 0.00000000 0.14843750 0.17187500 0.15625000 0.13281250 0.11718750 0.00000000 0.00000000 0.00781250 0.01562500
0.00000000 0.00000000 0.00000000 0.00000000 0.01600000 0.00000000 0.00000000 0.00800000 0.01600000 0.00800000 0.17600000 0.12000000 0.00000000 0.16800000 0.13600000 0.16800000 0.16000000 0.00800000 0.00000000 0.00000000 0.01600000
0.00735294 0.00000000 0.00735294 0.00735294 0.00735294 0.00000000 0.00000000 0.00735294 0.00735294 0.00000000 0.13235294 0.19852941 0.08823529 0.00000000 0.13970588 0.20588235 0.16176471 0.01470588 0.00735294 0.00000000 0.00735294
0.00000000 0.00000000 0.00746269 0.00000000 0.00000000 0.00746269 0.01492537 0.00000000 0.00000000 0.01492537 0.10447761 0.15671642 0.17164179 0.20895522 0.00000000 0.16417910 0.14925373 0.00000000 0.00000000 0.00000000 0.00000000
0.00000000 0.01550388 0.00000000 0.00775194 0.00000000 0.00775194 0.00000000 0.01550388 0.00775194 0.00000000 0.11627907 0.13178295 0.17829457 0.11627907 0.17054264 0.00000000 0.22480620 0.00775194 0.00000000 0.00000000 0.00000000
0.00751880 0.00751880 0.00000000 0.00000000 0.00751880 0.00000000 0.00751880 0.00000000 0.00000000 0.00000000 0.00751880 0.15789474 0.17293233 0.15037594 0.15789474 0.12781955 0.00000000 0.18045113 0.00751880 0.00751880 0.00000000
0.15714286 0.11428571 0.00714286 0.01428571 0.00000000 0.00000000 0.00714286 0.00000000 0.00714286 0.00000000 0.00000000 0.00000000 0.00000000 0.02857143 0.00000000 0.00000000 0.13571429 0.00000000 0.22857143 0.17857143 0.12142857
0.15107914 0.12949640 0.21582734 0.00000000 0.00719424 0.00719424 0.01438849 0.00000000 0.00719424 0.00000000 0.00719424 0.00719424 0.00000000 0.00000000 0.00000000 0.00719424 0.00000000 0.17266187 0.00000000 0.13669065 0.13669065
0.11607143 0.17857143 0.12500000 0.00000000 0.00892857 0.00000000 0.00000000 0.00892857 0.00000000 0.00892857 0.01785714 0.00000000 0.00000000 0.00000000 0.01785714 0.00892857 0.00892857 0.21428571 0.16071429 0.00000000 0.12500000
0.15686275 0.08823529 0.13725490 0.00000000 0.00000000 0.00000000 0.00000000 0.00000000 0.00980392 0.00000000 0.00980392 0.00000000 0.00000000 0.00980392 0.00000000 0.00980392 0.00000000 0.27450980 0.18627451 0.11764706 0.00000000
