0.00000000 0.12925170 0.15646259 0.00680272 0.00000000 0.00680272 0.00680272 0.00680272 0.00680272 0.00000000 0.00000000 0.01360544 0.00680272 0.00000000 0.00680272 0.00000000 0.00000000 0.15646259 0.17006803 0.17006803 0.15646259
0.17857143 0.00000000 0.17857143 0.00892857 0.00000000 0.00892857 0.01785714 0.00000000 0.01785714 0.00000000 0.00000000 0.00000000 0.00000000 0.00000000 0.00892857 0.00000000 0.00000000 0.10714286 0.10714286 0.13392857 0.23214286
0.20437956 0.15328467 0.00000000 0.16058394 0.00729927 0.00000000 0.00000000 0.00000000 0.00000000 0.00729927 0.00000000 0.00000000 0.00000000 0.00000000 0.00729927 0.00000000 0.00000000 0.00729927 0.16058394 0.17518248 0.11678832
0.00884956 0.00000000 0.15044248 0.00000000 0.14159292 0.21238938 0.15929204 0.10619469 0.15044248 0.00884956 0.00884956 0.01769912 0.00000000 0.00000000 0.00884956 0.00000000 0.00000000 0.00000000 0.01769912 0.00884956 0.00000000
0.00000000 0.01075269 0.02150538 0.20430108 0.00000000 0.16129032 0.09677419 0.16129032 0.11827957 0.16129032 0.00000000 0.01075269 0.01075269 0.00000000 0.02150538 0.00000000 0.01075269 0.00000000 0.00000000 0.00000000 0.01075269
0.00000000 0.01086957 0.01086957 0.13043478 0.14130435 0.00000000 0.11956522 0.18478261 0.25000000 0.08695652 0.00000000 0.00000000 0.01086957 0.02173913 0.01086957 0.01086957 0.00000000 0.00000000 0.00000000 0.01086957 0.00000000
0.01136364 0.01136364 0.01136364 0.20454545 0.11363636 0.10227273 0.00000000 0.18181818 0.15909091 0.13636364 0.00000000 0.00000000 0.00000000 0.00000000 0.00000000 0.01136364 0.02272727 0.01136364 0.00000000 0.02272727 0.00000000
0.01075269 0.00000000 0.01075269 0.20430108 0.19354839 0.15053763 0.10752688 0.00000000 0.17204301 0.10752688 0.00000000 0.00000000 0.00000000 0.00000000 0.00000000 0.01075269 0.00000000 0.02150538 0.01075269 0.00000000 0.00000000
0.01960784 0.00980392 0.00980392 0.16666667 0.16666667 0.13725490 0.13725490 0.12745098 0.00000000 0.15686275 0.01960784 0.00980392 0.00000000 0.00000000 0.00980392 0.00000000 0.00000000 0.00000000 0.01960784 0.00980392 0.00000000
0.00000000 0.00000000 0.00000000 0.01234568 0.14814815 0.06172840 0.19753086 0.12345679 0.13580247 0.00000000 0.22222222 0.00000000 0.02469136 0.01234568 0.02469136 0.00000000 0.01234568 0.00000000 0.00000000 0.01234568 0.01234568
0.00000000 0.00000000 0.00000000 0.00000000 0.00000000 0.00000000 0.00000000 0.01538462 0.00000000 0.11538462 0.00000000 0.16923077 0.20769231 0.15384615 0.10769231 0.19230769 0.00769231 0.01538462 0.00000000 0.00000000 0.01538462
0.00826446 0.00000000 0.00000000 0.00826446 0.00826446 0.00826446 0.00826446 0.02479339 0.00000000 0.00000000 0.13223140 0.00000000 0.12396694 0.14049587 0.21487603 0.17355372 0.12396694 0.00000000 0.01652893 0.00000000 0.00826446
0.00671141 0.00000000 0.00671141 0.00000000 0.01342282 0.00671141 0.00000000 0.00000000 0.00671141 0.00000000 0.14765101 0.14765101 0.00000000 0.16778523 0.18120805 0.17449664 0.11409396 0.00671141 0.00671141 0.00671141 0.00671141
0.00000000 0.00000000 0.02586207 0.00000000 0.01724138 0.00000000 0.00862069 0.00000000 0.00000000 0.00862069 0.18965517 0.11206897 0.16379310 0.00000000 0.12068966 0.13793103 0.19827586 0.00862069 0.00000000 0.00000000 0.00862069
0.00787402 0.00000000 0.00000000 0.00787402 0.00000000 0.00787402 0.00787402 0.00000000 0.00000000 0.00787402 0.19685039 0.19685039 0.19685039 0.11811024 0.00000000 0.10236220 0.13385827 0.00000000 0.01574803 0.00000000 0.00000000
0.00000000 0.00781250 0.00000000 0.00000000 0.00000000 0.00781250 0.00000000 0.00781250 0.01562500 0.00000000 0.16406250 0.14843750 0.22656250 0.11718750 0.12500000 0.00781250 0.15625000 0.00781250 0.00000000 0.00000000 0.00781250
0.00833333 0.01666667 0.00000000 0.00000000 0.00000000 0.00833333 0.00000000 0.00833333 0.00833333 0.00000000 0.00000000 0.10000000 0.23333333 0.15000000 0.15833333 0.16666667 0.00000000 0.13333333 0.00000000 0.00833333 0.00000000
0.15573770 0.13114754 0.00819672 0.00000000 0.00000000 0.00819672 0.01639344 0.00819672 0.00000000 0.00000000 0.00000000 0.00000000 0.00819672 0.00000000 0.00000000 0.00819672 0.15573770 0.00000000 0.18032787 0.15573770 0.16393443
0.16935484 0.13709677 0.18548387 0.00806452 0.00000000 0.00806452 0.00000000 0.00806452 0.00000000 0.00806452 0.01612903 0.00806452 0.00000000 0.00000000 0.00000000 0.00000000 0.00806452 0.17741935 0.00000000 0.14516129 0.12096774
0.21428571 0.09523810 0.16666667 0.00000000 0.00000000 0.00793651 0.00793651 0.00000000 0.00793651 0.00000000 0.00000000 0.00000000 0.00000000 0.01587302 0.00000000 0.00793651 0.01587302 0.16666667 0.07936508 0.00000000 0.21428571
0.17037037 0.14814815 0.16296296 0.00000000 0.00740741 0.00740741 0.00740741 0.00000000 0.01481481 0.00000000 0.00740741 0.00740741 0.00000000 0.00740741 0.00740741 0.00740741 0.00740741 0.14074074 0.17037037 0.12592593 0.00000000
