0.00000000 0.08396947 0.13740458 0.00000000 0.00763359 0.00000000 0.00000000 0.00000000 0.00000000 0.01526718 0.00000000 0.00763359 0.00763359 0.00000000 0.00763359 0.00000000 0.00000000 0.13740458 0.19083969 0.22137405 0.18320611
0.18487395 0.00000000 0.12605042 0.01680672 0.00840336 0.00840336 0.00000000 0.00840336 0.00000000 0.00000000 0.00840336 0.00000000 0.00000000 0.00000000 0.00000000 0.00000000 0.01680672 0.15966387 0.11764706 0.21848739 0.12605042
0.16793893 0.16030534 0.00000000 0.16030534 0.00000000 0.00763359 0.00000000 0.00000000 0.00000000 0.00000000 0.00763359 0.00763359 0.00000000 0.00000000 0.00763359 0.00000000 0.01526718 0.00763359 0.13740458 0.10687023 0.21374046
0.01515152 0.00000000 0.15909091 0.00000000 0.10606061 0.21212121 0.15151515 0.17424242 0.14393939 0.01515152 0.01515152 0.00757576 0.00000000 0.00000000 0.00000000 0.00000000 0.00000000 0.00000000 0.00000000 0.00000000 0.00000000
0.00000000 0.00775194 0.00775194 0.20155039 0.00000000 0.13178295 0.16279070 0.13953488 0.17054264 0.14728682 0.00000000 0.00000000 0.00775194 0.00000000 0.00000000 0.00000000 0.00000000 0.00000000 0.00000000 0.00775194 0.01550388
0.01492537 0.00000000 0.00000000 0.16417910 0.19402985 0.00000000 0.14179104 0.09701493 0.14925373 0.17910448 0.00000000 0.01492537 0.00000000 0.02985075 0.00000000 0.00000000 0.00000000 0.00000000 0.00000000 0.00746269 0.00746269
0.00000000 0.00000000 0.00775194 0.13953488 0.23255814 0.14728682 0.00000000 0.12403101 0.18604651 0.09302326 0.01550388 0.00000000 0.00775194 0.01550388 0.00000000 0.01550388 0.00000000 0.01550388 0.00000000 0.00000000 0.00000000
0.00000000 0.00000000 0.00000000 0.18487395 0.15966387 0.12605042 0.20168067 0.00000000 0.13445378 0.12605042 0.00000000 0.00000000 0.00840336 0.00000000 0.00000000 0.01680672 0.00840336 0.01680672 0.00840336 0.00000000 0.00840336
0.00769231 0.00000000 0.00769231 0.10000000 0.12307692 0.20769231 0.12307692 0.16923077 0.00000000 0.21538462 0.00769231 0.00769231 0.00000000 0.01538462 0.00000000 0.00000000 0.00769231 0.00000000 0.00000000 0.00769231 0.00000000
0.00000000 0.01639344 0.00000000 0.00000000 0.11475410 0.16393443 0.19672131 0.16393443 0.15573770 0.00000000 0.14754098 0.00819672 0.00000000 0.00000000 0.00000000 0.02459016 0.00819672 0.00000000 0.00000000 0.00000000 0.00000000
0.00000000 0.00000000 0.00961538 0.01923077 0.00000000 0.00961538 0.00000000 0.00000000 0.01923077 0.14423077 0.00000000 0.09615385 0.16346154 0.18269231 0.18269231 0.14423077 0.00000000 0.00961538 0.00961538 0.00000000 0.00961538
0.00943396 0.00943396 0.00943396 0.00000000 0.00943396 0.00000000 0.00000000 0.00943396 0.00943396 0.00000000 0.16037736 0.00000000 0.12264151 0.18867925 0.13207547 0.15094340 0.16981132 0.00000000 0.00943396 0.00943396 0.00000000
0.01010101 0.00000000 0.01010101 0.01010101 0.01010101 0.01010101 0.01010101 0.00000000 0.00000000 0.00000000 0.11111111 0.18181818 0.00000000 0.14141414 0.18181818 0.13131313 0.14141414 0.01010101 0.02020202 0.01010101 0.01010101
0.01010101 0.00000000 0.01010101 0.02020202 0.00000000 0.01010101 0.01010101 0.00000000 0.00000000 0.00000000 0.16161616 0.23232323 0.09090909 0.01010101 0.16161616 0.17171717 0.08080808 0.01010101 0.02020202 0.00000000 0.00000000
0.00000000 0.00000000 0.00000000 0.01052632 0.01052632 0.01052632 0.00000000 0.01052632 0.02105263 0.01052632 0.18947368 0.17894737 0.21052632 0.14736842 0.00000000 0.06315789 0.10526316 0.01052632 0.00000000 0.01052632 0.01052632
0.00000000 0.01063830 0.01063830 0.01063830 0.02127660 0.00000000 0.00000000 0.01063830 0.00000000 0.00000000 0.14893617 0.18085106 0.19148936 0.06382979 0.11702128 0.00000000 0.20212766 0.00000000 0.01063830 0.01063830 0.01063830
0.00000000 0.01063830 0.00000000 0.00000000 0.00000000 0.01063830 0.00000000 0.01063830 0.01063830 0.01063830 0.00000000 0.13829787 0.13829787 0.15957447 0.13829787 0.18085106 0.00000000 0.18085106 0.00000000 0.01063830 0.00000000
0.12149533 0.14953271 0.00934579 0.00000000 0.00934579 0.00934579 0.00934579 0.00934579 0.00934579 0.00000000 0.00934579 0.00000000 0.01869159 0.00934579 0.00000000 0.00000000 0.15887850 0.00000000 0.15887850 0.17757009 0.14018692
0.16666667 0.20833333 0.12500000 0.00000000 0.00000000 0.00000000 0.00833333 0.00000000 0.00833333 0.00000000 0.00833333 0.00833333 0.01666667 0.00000000 0.00833333 0.00000000 0.00000000 0.12500000 0.00000000 0.19166667 0.12500000
0.19565217 0.15942029 0.19565217 0.00724638 0.00724638 0.00000000 0.00000000 0.00724638 0.00724638 0.00000000 0.00000000 0.00000000 0.00000000 0.00000000 0.00724638 0.01449275 0.00000000 0.10869565 0.15217391 0.00000000 0.13768116
0.15322581 0.14516129 0.20967742 0.00000000 0.00806452 0.00000000 0.00806452 0.00000000 0.00806452 0.02419355 0.00806452 0.00000000 0.00806452 0.00806452 0.00000000 0.00806452 0.00806452 0.12096774 0.13709677 0.14516129 0.00000000
