0.00840336 0.15966387 0.17647059 0.00840336 0.00840336 0.00840336 0.00000000 0.00000000 0.00000000 0.01680672 0.00000000 0.00840336 0.01680672 0.00000000 0.00000000 0.00000000 0.00000000 0.15126050 0.12605042 0.16806723 0.14285714
0.15789474 0.00000000 0.22105263 0.00000000 0.00000000 0.00000000 0.01052632 0.00000000 0.01052632 0.00000000 0.02105263 0.00000000 0.01052632 0.00000000 0.00000000 0.02105263 0.01052632 0.11578947 0.14736842 0.11578947 0.15789474
0.20930233 0.10077519 0.00000000 0.20930233 0.00775194 0.00775194 0.00775194 0.00000000 0.00775194 0.00775194 0.00000000 0.00000000 0.00000000 0.01550388 0.00000000 0.00000000 0.00000000 0.00000000 0.14728682 0.13178295 0.14728682
0.00574713 0.00574713 0.16666667 0.00000000 0.15517241 0.15517241 0.13793103 0.19540230 0.14942529 0.00000000 0.00000000 0.00000000 0.00574713 0.00000000 0.00000000 0.00000000 0.00000000 0.00000000 0.00000000 0.02298851 0.00000000
0.00000000 0.00680272 0.00000000 0.14285714 0.00000000 0.19727891 0.16326531 0.12925170 0.19727891 0.12925170 0.01360544 0.00000000 0.00000000 0.00000000 0.00680272 0.00000000 0.00680272 0.00000000 0.00000000 0.00000000 0.00680272
0.00584795 0.01169591 0.00584795 0.19883041 0.11111111 0.00000000 0.14035088 0.16959064 0.14619883 0.16959064 0.00000000 0.00584795 0.01169591 0.00000000 0.00000000 0.00000000 0.00584795 0.00584795 0.00584795 0.00000000 0.00584795
0.00000000 0.00000000 0.00000000 0.20253165 0.09493671 0.13291139 0.00000000 0.15822785 0.17721519 0.18354430 0.00000000 0.00000000 0.00632911 0.00632911 0.00000000 0.02531646 0.00632911 0.00000000 0.00000000 0.00632911 0.00000000
0.00000000 0.00617284 0.00000000 0.16049383 0.17283951 0.19135802 0.14814815 0.00000000 0.14197531 0.14814815 0.00617284 0.00617284 0.00000000 0.00000000 0.00000000 0.00000000 0.00617284 0.00617284 0.00000000 0.00617284 0.00000000
0.01226994 0.00000000 0.00000000 0.17177914 0.14723926 0.14110429 0.17791411 0.14110429 0.00000000 0.17177914 0.00000000 0.01840491 0.00613497 0.00000000 0.01226994 0.00000000 0.00000000 0.00000000 0.00000000 0.00000000 0.00000000
0.00000000 0.00000000 0.00000000 0.00000000 0.15483871 0.20000000 0.14838710 0.16774194 0.15483871 0.00645161 0.12903226 0.00000000 0.00645161 0.01290323 0.00000000 0.00000000 0.00645161 0.00000000 0.00645161 0.00000000 0.00645161
0.01136364 0.00000000 0.01136364 0.00000000 0.00000000 0.00000000 0.02272727 0.00000000 0.00000000 0.21590909 0.00000000 0.15909091 0.11363636 0.12500000 0.14772727 0.13636364 0.01136364 0.02272727 0.01136364 0.01136364 0.00000000
0.00000000 0.00000000 0.02197802 0.00000000 0.01098901 0.01098901 0.00000000 0.00000000 0.01098901 0.00000000 0.17582418 0.00000000 0.16483516 0.12087912 0.09890110 0.14285714 0.19780220 0.01098901 0.03296703 0.00000000 0.00000000
0.00000000 0.00000000 0.00000000 0.02272727 0.00000000 0.00000000 0.00000000 0.01136364 0.00000000 0.00000000 0.17045455 0.12500000 0.00000000 0.14772727 0.15909091 0.15909091 0.17045455 0.02272727 0.00000000 0.00000000 0.01136364
0.00000000 0.01204819 0.01204819 0.01204819 0.01204819 0.02409639 0.00000000 0.00000000 0.01204819 0.00000000 0.18072289 0.14457831 0.12048193 0.00000000 0.18072289 0.14457831 0.13253012 0.00000000 0.00000000 0.00000000 0.01204819
0.00000000 0.00000000 0.00000000 0.01333333 0.00000000 0.00000000 0.01333333 0.01333333 0.01333333 0.00000000 0.13333333 0.13333333 0.25333333 0.20000000 0.00000000 0.10666667 0.12000000 0.00000000 0.00000000 0.00000000 0.00000000
0.01265823 0.00000000 0.02531646 0.01265823 0.02531646 0.01265823 0.00000000 0.00000000 0.01265823 0.00000000 0.07594937 0.17721519 0.18987342 0.15189873 0.11392405 0.00000000 0.17721519 0.00000000 0.00000000 0.00000000 0.01265823
0.00000000 0.01149425 0.01149425 0.00000000 0.01149425 0.00000000 0.00000000 0.01149425 0.00000000 0.00000000 0.00000000 0.22988506 0.10344828 0.17241379 0.10344828 0.14942529 0.00000000 0.14942529 0.01149425 0.02298851 0.01149425
0.20000000 0.12941176 0.00000000 0.01176471 0.00000000 0.00000000 0.02352941 0.00000000 0.00000000 0.02352941 0.00000000 0.01176471 0.00000000 0.00000000 0.00000000 0.00000000 0.14117647 0.00000000 0.18823529 0.11764706 0.15294118
0.17475728 0.15533981 0.12621359 0.00000000 0.00970874 0.00000000 0.00970874 0.01941748 0.00000000 0.00000000 0.00970874 0.00000000 0.00000000 0.00000000 0.01941748 0.00000000 0.00970874 0.12621359 0.00000000 0.15533981 0.18446602
0.16666667 0.15686275 0.17647059 0.00000000 0.00980392 0.01960784 0.01960784 0.00980392 0.00980392 0.00980392 0.00000000 0.00980392 0.00980392 0.00980392 0.00000000 0.00000000 0.00000000 0.09803922 0.17647059 0.00000000 0.11764706
0.16666667 0.12745098 0.18627451 0.00000000 0.00980392 0.00980392 0.00000000 0.00000000 0.00980392 0.00000000 0.00000000 0.01960784 0.00000000 0.00000000 0.00980392 0.00980392 0.00000000 0.12745098 0.13725490 0.18627451 0.00000000
