0.00000000 0.17283951 0.16049383 0.01234568 0.00000000 0.02469136 0.00000000 0.02469136 0.00000000 0.00000000 0.00000000 0.00000000 0.00000000 0.01234568 0.01234568 0.00000000 0.00000000 0.17283951 0.17283951 0.13580247 0.09876543
0.14285714 0.00000000 0.12244898 0.00000000 0.00000000 0.00000000 0.00000000 0.03061224 0.01020408 0.00000000 0.00000000 0.01020408 0.00000000 0.00000000 0.00000000 0.01020408 0.02040816 0.15306122 0.14285714 0.14285714 0.21428571
0.15476190 0.27380952 0.00000000 0.16666667 0.00000000 0.00000000 0.00000000 0.00000000 0.00000000 0.00000000 0.00000000 0.00000000 0.01190476 0.00000000 0.01190476 0.00000000 0.02380952 0.01190476 0.04761905 0.17857143 0.11904762
0.00000000 0.00934579 0.12149533 0.00934579 0.17757009 0.13084112 0.19626168 0.14953271 0.13084112 0.00934579 0.00000000 0.02803738 0.00000000 0.00000000 0.00934579 0.00000000 0.00000000 0.01869159 0.00000000 0.00934579 0.00000000
0.00757576 0.00000000 0.00000000 0.12878788 0.00000000 0.18181818 0.14393939 0.18939394 0.19696970 0.10606061 0.00000000 0.00000000 0.00757576 0.00000000 0.00000000 0.00000000 0.00000000 0.00000000 0.00757576 0.02272727 0.00757576
0.00826446 0.00000000 0.02479339 0.16528926 0.13223140 0.00000000 0.19008264 0.17355372 0.14876033 0.13223140 0.00000000 0.00000000 0.00000000 0.00826446 0.00000000 0.01652893 0.00000000 0.00000000 0.00000000 0.00000000 0.00000000
0.00000000 0.00719424 0.00719424 0.05755396 0.15107914 0.12230216 0.00000000 0.17985612 0.21582734 0.23021583 0.00000000 0.00000000 0.00719424 0.00000000 0.00719424 0.00000000 0.00719424 0.00000000 0.00719424 0.00000000 0.00000000
0.00000000 0.00000000 0.00806452 0.16129032 0.09677419 0.19354839 0.16935484 0.00000000 0.13709677 0.16935484 0.00806452 0.00806452 0.00000000 0.01612903 0.00806452 0.00806452 0.00000000 0.00806452 0.00806452 0.00000000 0.00000000
0.00757576 0.01515152 0.00000000 0.14393939 0.21969697 0.11363636 0.15909091 0.10606061 0.00000000 0.18181818 0.00757576 0.00000000 0.00000000 0.01515152 0.01515152 0.00000000 0.00000000 0.00000000 0.00000000 0.00757576 0.00757576
0.00746269 0.00746269 0.00000000 0.01492537 0.18656716 0.13432836 0.18656716 0.12686567 0.14179104 0.00000000 0.16417910 0.00000000 0.00000000 0.00746269 0.00000000 0.00746269 0.00000000 0.00000000 0.00746269 0.00000000 0.00746269
0.00714286 0.00000000 0.00000000 0.00714286 0.02142857 0.00714286 0.00000000 0.00000000 0.01428571 0.13571429 0.00000000 0.15000000 0.20714286 0.13571429 0.17142857 0.13571429 0.00000000 0.00714286 0.00000000 0.00000000 0.00000000
0.00000000 0.00000000 0.01470588 0.00000000 0.01470588 0.00000000 0.00735294 0.00000000 0.00000000 0.00000000 0.13970588 0.00000000 0.13235294 0.17647059 0.17647059 0.16911765 0.13970588 0.00000000 0.00735294 0.01470588 0.00735294
0.00000000 0.00000000 0.00000000 0.00000000 0.00000000 0.00653595 0.01307190 0.00000000 0.00000000 0.00000000 0.14379085 0.20261438 0.00000000 0.15032680 0.15686275 0.13725490 0.15686275 0.00000000 0.01960784 0.00653595 0.00653595
0.00000000 0.00769231 0.00000000 0.00000000 0.00000000 0.00000000 0.01538462 0.00000000 0.00000000 0.00000000 0.12307692 0.14615385 0.19230769 0.00000000 0.17692308 0.14615385 0.14615385 0.00769231 0.01538462 0.00769231 0.01538462
0.00000000 0.00694444 0.00694444 0.00694444 0.00000000 0.01388889 0.01388889 0.00000000 0.00000000 0.00694444 0.21527778 0.13194444 0.13888889 0.14583333 0.00000000 0.11111111 0.18750000 0.00694444 0.00000000 0.00000000 0.00694444
0.00787402 0.00000000 0.00000000 0.00787402 0.00000000 0.00787402 0.00787402 0.00787402 0.01574803 0.00787402 0.17322835 0.12598425 0.17322835 0.13385827 0.17322835 0.00000000 0.13385827 0.00787402 0.00000000 0.00787402 0.00787402
0.01492537 0.00746269 0.00000000 0.00000000 0.00000000 0.00746269 0.00000000 0.00000000 0.00000000 0.00000000 0.01492537 0.17164179 0.20895522 0.11940299 0.11940299 0.17164179 0.00000000 0.16417910 0.00000000 0.00000000 0.00000000
0.08695652 0.15217391 0.02173913 0.00000000 0.02173913 0.00000000 0.00000000 0.00000000 0.00000000 0.02173913 0.01086957 0.00000000 0.01086957 0.01086957 0.02173913 0.00000000 0.23913043 0.00000000 0.16304348 0.08695652 0.15217391
0.10126582 0.16455696 0.18987342 0.00000000 0.03797468 0.01265823 0.00000000 0.00000000 0.02531646 0.01265823 0.01265823 0.01265823 0.01265823 0.01265823 0.00000000 0.00000000 0.00000000 0.10126582 0.00000000 0.10126582 0.20253165
0.17283951 0.16049383 0.08641975 0.00000000 0.00000000 0.00000000 0.01234568 0.00000000 0.01234568 0.01234568 0.01234568 0.00000000 0.03703704 0.00000000 0.01234568 0.01234568 0.01234568 0.16049383 0.16049383 0.00000000 0.13580247
0.18181818 0.14772727 0.15909091 0.02272727 0.00000000 0.00000000 0.00000000 0.00000000 0.00000000 0.01136364 0.01136364 0.01136364 0.03409091 0.01136364 0.01136364 0.00000000 0.00000000 0.12500000 0.10227273 0.17045455 0.00000000
