0.00000000 0.20491803 0.16393443 0.00000000 0.00000000 0.00819672 0.00000000 0.00000000 0.00000000 0.00819672 0.00000000 0.00000000 0.00819672 0.00819672 0.00819672 0.00000000 0.00000000 0.10655738 0.13114754 0.17213115 0.18032787
0.21238938 0.00000000 0.21238938 0.00884956 0.00000000 0.00884956 0.00884956 0.00884956 0.00884956 0.00000000 0.00000000 0.00000000 0.00000000 0.00884956 0.00000000 0.00000000 0.00000000 0.07964602 0.14159292 0.12389381 0.17699115
0.19298246 0.15789474 0.00000000 0.16666667 0.00877193 0.00000000 0.00877193 0.00877193 0.00000000 0.00000000 0.00000000 0.00000000 0.00000000 0.00000000 0.00877193 0.00000000 0.00000000 0.00000000 0.15789474 0.17543860 0.11403509
0.00000000 0.00000000 0.11200000 0.00000000 0.12000000 0.19200000 0.16000000 0.20000000 0.16800000 0.02400000 0.00800000 0.00000000 0.00000000 0.00000000 0.00000000 0.00800000 0.00000000 0.00000000 0.00800000 0.00000000 0.00000000
0.00000000 0.00000000 0.00000000 0.15833333 0.00000000 0.16666667 0.15833333 0.13333333 0.15833333 0.16666667 0.00833333 0.00000000 0.01666667 0.00000000 0.00000000 0.00833333 0.00000000 0.00833333 0.00000000 0.00833333 0.00833333
0.00000000 0.00757576 0.00757576 0.12121212 0.14393939 0.00000000 0.09848485 0.17424242 0.17424242 0.20454545 0.00000000 0.00000000 0.01515152 0.01515152 0.00757576 0.00000000 0.01515152 0.00000000 0.00000000 0.00000000 0.01515152
0.00826446 0.01652893 0.00000000 0.15702479 0.13223140 0.14876033 0.00000000 0.14876033 0.18181818 0.14876033 0.00000000 0.00000000 0.00000000 0.00826446 0.00000000 0.01652893 0.01652893 0.00000000 0.00000000 0.00826446 0.00826446
0.01562500 0.00000000 0.00781250 0.14843750 0.15625000 0.15625000 0.14062500 0.00000000 0.17968750 0.14062500 0.03125000 0.00781250 0.00000000 0.00000000 0.00781250 0.00000000 0.00000000 0.00781250 0.00000000 0.00000000 0.00000000
0.00000000 0.00000000 0.00000000 0.19402985 0.14925373 0.19402985 0.15671642 0.08208955 0.00000000 0.17164179 0.00000000 0.00746269 0.00000000 0.00746269 0.02238806 0.00000000 0.00000000 0.00000000 0.00746269 0.00000000 0.00746269
0.00724638 0.00000000 0.00000000 0.00724638 0.15942029 0.13768116 0.17391304 0.18115942 0.13768116 0.00000000 0.13768116 0.01449275 0.00000000 0.00724638 0.00000000 0.01449275 0.00724638 0.00724638 0.00000000 0.00724638 0.00000000
0.00000000 0.00813008 0.00000000 0.00813008 0.00813008 0.00813008 0.00000000 0.00813008 0.00813008 0.19512195 0.00000000 0.08130081 0.20325203 0.17886179 0.14634146 0.11382114 0.01626016 0.01626016 0.00000000 0.00000000 0.00000000
0.00000000 0.00000000 0.01754386 0.00000000 0.00000000 0.00000000 0.00877193 0.00877193 0.00000000 0.00000000 0.18421053 0.00000000 0.13157895 0.08771930 0.19298246 0.15789474 0.16666667 0.00000000 0.00000000 0.01754386 0.02631579
0.00000000 0.00826446 0.01652893 0.00826446 0.00826446 0.00000000 0.00000000 0.00826446 0.00000000 0.00826446 0.14049587 0.19834711 0.00000000 0.17355372 0.16528926 0.12396694 0.14049587 0.00000000 0.00000000 0.00000000 0.00000000
0.00000000 0.00000000 0.00000000 0.00000000 0.00925926 0.00000000 0.00925926 0.00000000 0.02777778 0.00925926 0.17592593 0.13888889 0.18518519 0.00000000 0.12962963 0.16666667 0.12962963 0.00000000 0.00925926 0.00925926 0.00000000
0.00917431 0.00917431 0.00000000 0.00917431 0.00000000 0.00000000 0.00917431 0.00917431 0.00917431 0.00000000 0.13761468 0.16513761 0.11009174 0.11009174 0.00000000 0.15596330 0.22935780 0.01834862 0.00917431 0.00000000 0.00917431
0.00000000 0.00917431 0.00000000 0.00000000 0.00917431 0.01834862 0.00917431 0.00000000 0.00000000 0.00000000 0.19266055 0.16513761 0.21100917 0.13761468 0.07339450 0.00000000 0.13761468 0.01834862 0.00000000 0.01834862 0.00000000
0.00840336 0.00000000 0.00840336 0.00000000 0.00840336 0.00000000 0.00000000 0.00000000 0.00000000 0.00840336 0.00840336 0.19327731 0.15966387 0.14285714 0.15966387 0.14285714 0.00000000 0.14285714 0.00000000 0.01680672 0.00000000
0.15841584 0.13861386 0.00990099 0.00990099 0.00990099 0.00000000 0.00000000 0.00990099 0.00000000 0.00000000 0.01980198 0.00000000 0.00000000 0.00990099 0.00000000 0.00990099 0.18811881 0.00000000 0.08910891 0.18811881 0.15841584
0.15730337 0.17977528 0.11235955 0.01123596 0.00000000 0.00000000 0.00000000 0.01123596 0.01123596 0.00000000 0.01123596 0.00000000 0.00000000 0.02247191 0.00000000 0.01123596 0.03370787 0.11235955 0.00000000 0.14606742 0.17977528
0.12962963 0.15740741 0.19444444 0.00000000 0.00000000 0.00000000 0.00000000 0.00000000 0.00925926 0.00925926 0.00925926 0.01851852 0.00925926 0.00000000 0.00925926 0.00925926 0.00000000 0.21296296 0.12962963 0.00000000 0.10185185
0.24074074 0.14814815 0.15740741 0.00000000 0.00925926 0.00000000 0.00000000 0.01851852 0.00000000 0.00000000 0.00000000 0.00000000 0.00925926 0.00925926 0.00000000 0.00925926 0.00000000 0.18518519 0.11111111 0.10185185 0.00000000
