0.00000000 0.17322835 0.11023622 0.00787402 0.00787402 0.00000000 0.00000000 0.00787402 0.00787402 0.00000000 0.00000000 0.00000000 0.00787402 0.01574803 0.00787402 0.00000000 0.00000000 0.15748031 0.19685039 0.14173228 0.15748031
0.15037594 0.00000000 0.11278195 0.00000000 0.00000000 0.00751880 0.00000000 0.00000000 0.00000000 0.00000000 0.00000000 0.00000000 0.00751880 0.02255639 0.00000000 0.00000000 0.00000000 0.20300752 0.11278195 0.18045113 0.20300752
0.18446602 0.11650485 0.00000000 0.15533981 0.00000000 0.02912621 0.00970874 0.00970874 0.01941748 0.00970874 0.01941748 0.00000000 0.00000000 0.00000000 0.00000000 0.00000000 0.00970874 0.00000000 0.15533981 0.16504854 0.11650485
0.01149425 0.00000000 0.17241379 0.00000000 0.12643678 0.12643678 0.21839080 0.16091954 0.11494253 0.01149425 0.00000000 0.00000000 0.00000000 0.00000000 0.00000000 0.01149425 0.01149425 0.00000000 0.00000000 0.03448276 0.00000000
0.00000000 0.02247191 0.00000000 0.08988764 0.00000000 0.12359551 0.19101124 0.22471910 0.15730337 0.11235955 0.00000000 0.00000000 0.02247191 0.01123596 0.01123596 0.01123596 0.01123596 0.00000000 0.00000000 0.00000000 0.01123596
0.00000000 0.01190476 0.00000000 0.23809524 0.09523810 0.00000000 0.14285714 0.14285714 0.14285714 0.11904762 0.01190476 0.01190476 0.00000000 0.00000000 0.00000000 0.00000000 0.03571429 0.01190476 0.00000000 0.02380952 0.01190476
0.00000000 0.00000000 0.00000000 0.16483516 0.18681319 0.19780220 0.00000000 0.12087912 0.12087912 0.16483516 0.00000000 0.00000000 0.00000000 0.02197802 0.00000000 0.01098901 0.00000000 0.00000000 0.00000000 0.00000000 0.01098901
0.00000000 0.01282051 0.00000000 0.17948718 0.23076923 0.15384615 0.15384615 0.00000000 0.06410256 0.15384615 0.00000000 0.00000000 0.00000000 0.00000000 0.01282051 0.00000000 0.00000000 0.02564103 0.00000000 0.00000000 0.01282051
0.02857143 0.00000000 0.01428571 0.10000000 0.20000000 0.18571429 0.22857143 0.10000000 0.00000000 0.11428571 0.01428571 0.00000000 0.00000000 0.00000000 0.00000000 0.00000000 0.00000000 0.00000000 0.01428571 0.00000000 0.00000000
0.00000000 0.01190476 0.03571429 0.00000000 0.19047619 0.13095238 0.08333333 0.07142857 0.13095238 0.00000000 0.27380952 0.04761905 0.00000000 0.00000000 0.00000000 0.00000000 0.00000000 0.01190476 0.00000000 0.01190476 0.00000000
0.00694444 0.00000000 0.00000000 0.00000000 0.00000000 0.00000000 0.00000000 0.00694444 0.00000000 0.13888889 0.00000000 0.15277778 0.19444444 0.14583333 0.16666667 0.14583333 0.01388889 0.01388889 0.00694444 0.00694444 0.00000000
0.00699301 0.00699301 0.00000000 0.00699301 0.00699301 0.00000000 0.00000000 0.00699301 0.00000000 0.00699301 0.14685315 0.00000000 0.15384615 0.20979021 0.18181818 0.11188811 0.13986014 0.00000000 0.00000000 0.00000000 0.01398601
0.00000000 0.00714286 0.00000000 0.00714286 0.00000000 0.00000000 0.00714286 0.00714286 0.00000000 0.00714286 0.20714286 0.15714286 0.00000000 0.10714286 0.15000000 0.16428571 0.16428571 0.00000000 0.00714286 0.00714286 0.00000000
0.00000000 0.00757576 0.00000000 0.00000000 0.00000000 0.00000000 0.00000000 0.00757576 0.00757576 0.00757576 0.15151515 0.18181818 0.12878788 0.00000000 0.17424242 0.15909091 0.12878788 0.00757576 0.00757576 0.01515152 0.01515152
0.00000000 0.01379310 0.00689655 0.00000000 0.00000000 0.00000000 0.00000000 0.00689655 0.00689655 0.01379310 0.17241379 0.13103448 0.13103448 0.17931034 0.00000000 0.16551724 0.17241379 0.00000000 0.00000000 0.00000000 0.00000000
0.00781250 0.00000000 0.00781250 0.00000000 0.00000000 0.00000000 0.00781250 0.00000000 0.00781250 0.00000000 0.14062500 0.16406250 0.21875000 0.12500000 0.17187500 0.00000000 0.10937500 0.00781250 0.03125000 0.00000000 0.00000000
0.00769231 0.00000000 0.00769231 0.00000000 0.01538462 0.00000000 0.00769231 0.00000000 0.00000000 0.00000000 0.00769231 0.20769231 0.15384615 0.11538462 0.17692308 0.10769231 0.00000000 0.18461538 0.00000000 0.00000000 0.00769231
0.17006803 0.14965986 0.00000000 0.01360544 0.00000000 0.00000000 0.02040816 0.00000000 0.00000000 0.00000000 0.00000000 0.00680272 0.00680272 0.00000000 0.00000000 0.02040816 0.14965986 0.00000000 0.13605442 0.19727891 0.12925170
0.11023622 0.18897638 0.14173228 0.00000000 0.00000000 0.00787402 0.00787402 0.00787402 0.00000000 0.00000000 0.00000000 0.00000000 0.00787402 0.00000000 0.00787402 0.01574803 0.00787402 0.16535433 0.00000000 0.18897638 0.14173228
0.16666667 0.17333333 0.12666667 0.00666667 0.00666667 0.00666667 0.00000000 0.00000000 0.00000000 0.00666667 0.00000000 0.01333333 0.00000000 0.00000000 0.00666667 0.00000000 0.00000000 0.18000000 0.18000000 0.00000000 0.12666667
0.13709677 0.14516129 0.12096774 0.00806452 0.00000000 0.01612903 0.00000000 0.00000000 0.00806452 0.00806452 0.02419355 0.00000000 0.00000000 0.00806452 0.00806452 0.00806452 0.00000000 0.15322581 0.12903226 0.22580645 0.00000000
