0.00000000 0.09574468 0.13829787 0.00000000 0.00000000 0.00000000 0.02127660 0.00000000 0.03191489 0.01063830 0.00000000 0.00000000 0.02127660 0.02127660 0.00000000 0.00000000 0.00000000 0.17021277 0.10638298 0.24468085 0.13829787
0.18269231 0.00000000 0.16346154 0.00000000 0.00000000 0.00000000 0.00961538 0.00961538 0.00000000 0.00000000 0.00961538 0.00961538 0.01923077 0.00961538 0.00000000 0.00961538 0.00000000 0.19230769 0.10576923 0.08653846 0.19230769
0.11224490 0.19387755 0.00000000 0.17346939 0.01020408 0.02040816 0.00000000 0.00000000 0.00000000 0.00000000 0.01020408 0.00000000 0.00000000 0.00000000 0.01020408 0.00000000 0.00000000 0.03061224 0.11224490 0.19387755 0.13265306
0.00917431 0.00000000 0.12844037 0.00000000 0.14678899 0.16513761 0.14678899 0.18348624 0.15596330 0.01834862 0.00917431 0.00917431 0.00000000 0.00917431 0.00000000 0.00000000 0.00000000 0.00000000 0.00000000 0.00000000 0.01834862
0.02105263 0.00000000 0.02105263 0.21052632 0.00000000 0.21052632 0.11578947 0.13684211 0.08421053 0.13684211 0.00000000 0.01052632 0.00000000 0.00000000 0.01052632 0.00000000 0.00000000 0.01052632 0.02105263 0.01052632 0.00000000
0.00943396 0.00943396 0.00000000 0.16981132 0.12264151 0.00000000 0.15094340 0.26415094 0.12264151 0.10377358 0.00000000 0.00943396 0.00000000 0.00000000 0.00943396 0.00000000 0.00000000 0.00943396 0.00000000 0.01886792 0.00000000
0.00952381 0.00000000 0.00000000 0.16190476 0.14285714 0.13333333 0.00000000 0.15238095 0.17142857 0.14285714 0.00000000 0.01904762 0.00952381 0.00952381 0.00000000 0.00000000 0.00952381 0.00952381 0.00000000 0.01904762 0.00952381
0.00000000 0.01694915 0.00000000 0.16949153 0.16949153 0.11864407 0.20338983 0.00000000 0.11864407 0.13559322 0.00000000 0.00847458 0.00000000 0.00000000 0.00000000 0.00847458 0.01694915 0.00847458 0.01694915 0.00000000 0.00847458
0.00000000 0.01052632 0.02105263 0.09473684 0.12631579 0.20000000 0.14736842 0.14736842 0.00000000 0.16842105 0.01052632 0.01052632 0.01052632 0.01052632 0.03157895 0.00000000 0.00000000 0.00000000 0.00000000 0.01052632 0.00000000
0.00000000 0.00000000 0.00000000 0.00000000 0.08602151 0.12903226 0.17204301 0.20430108 0.16129032 0.00000000 0.16129032 0.01075269 0.00000000 0.00000000 0.01075269 0.01075269 0.02150538 0.02150538 0.00000000 0.00000000 0.01075269
0.00714286 0.00000000 0.00000000 0.02142857 0.00714286 0.00714286 0.00000000 0.00714286 0.00714286 0.09285714 0.00000000 0.17857143 0.21428571 0.12857143 0.13571429 0.18571429 0.00000000 0.00000000 0.00000000 0.00714286 0.00000000
0.00000000 0.00769231 0.01538462 0.00000000 0.00000000 0.00000000 0.00000000 0.00000000 0.00000000 0.01538462 0.13846154 0.00000000 0.20769231 0.13076923 0.15384615 0.10769231 0.19230769 0.00769231 0.00769231 0.00000000 0.01538462
0.00000000 0.00000000 0.00000000 0.00000000 0.00588235 0.00000000 0.00588235 0.00588235 0.00588235 0.00000000 0.20588235 0.12941176 0.00000000 0.17058824 0.16470588 0.12352941 0.17058824 0.00000000 0.01176471 0.00000000 0.00000000
0.00000000 0.00000000 0.00000000 0.00714286 0.00000000 0.02142857 0.00000000 0.00000000 0.00000000 0.00000000 0.12857143 0.12857143 0.23571429 0.00000000 0.18571429 0.12857143 0.15000000 0.00000000 0.01428571 0.00000000 0.00000000
0.00000000 0.00680272 0.00680272 0.00000000 0.01360544 0.00000000 0.00680272 0.00000000 0.00680272 0.00680272 0.14965986 0.14285714 0.12925170 0.13605442 0.00000000 0.16326531 0.21768707 0.00000000 0.00680272 0.00000000 0.00680272
0.00000000 0.00763359 0.00763359 0.00000000 0.00763359 0.00000000 0.00000000 0.01526718 0.01526718 0.00000000 0.19847328 0.14503817 0.16793893 0.16030534 0.16793893 0.00000000 0.09923664 0.00000000 0.00000000 0.00763359 0.00000000
0.00689655 0.00689655 0.00689655 0.00689655 0.00689655 0.00000000 0.00689655 0.00689655 0.00000000 0.00689655 0.00689655 0.11034483 0.20000000 0.16551724 0.15862069 0.14482759 0.00000000 0.14482759 0.00689655 0.00689655 0.00000000
0.15748031 0.12598425 0.00000000 0.00787402 0.00000000 0.00787402 0.00787402 0.00000000 0.00787402 0.00787402 0.00000000 0.00000000 0.00000000 0.01574803 0.00787402 0.00787402 0.14960630 0.00000000 0.15748031 0.16535433 0.17322835
0.07865169 0.17977528 0.19101124 0.01123596 0.00000000 0.01123596 0.01123596 0.00000000 0.00000000 0.00000000 0.01123596 0.00000000 0.01123596 0.02247191 0.00000000 0.00000000 0.00000000 0.14606742 0.00000000 0.15730337 0.16853933
0.14414414 0.16216216 0.13513514 0.00900901 0.03603604 0.00900901 0.00000000 0.00900901 0.00000000 0.00900901 0.00000000 0.00000000 0.00900901 0.00900901 0.00900901 0.00000000 0.00900901 0.15315315 0.14414414 0.00000000 0.15315315
0.12844037 0.16513761 0.11926606 0.00000000 0.00000000 0.00000000 0.00000000 0.00917431 0.00917431 0.00000000 0.00000000 0.00000000 0.01834862 0.00000000 0.00000000 0.02752294 0.00000000 0.27522936 0.10091743 0.14678899 0.00000000
