0.00000000 0.16800000 0.13600000 0.00800000 0.00000000 0.01600000 0.00000000 0.00800000 0.00000000 0.00800000 0.00800000 0.00800000 0.00000000 0.00800000 0.00000000 0.00000000 0.00000000 0.11200000 0.16000000 0.18400000 0.17600000
0.18032787 0.00000000 0.20491803 0.00000000 0.00819672 0.00000000 0.00819672 0.00000000 0.00819672 0.01639344 0.00000000 0.00000000 0.02459016 0.00000000 0.00000000 0.00819672 0.00000000 0.13114754 0.13934426 0.13114754 0.13934426
0.16363636 0.13636364 0.00000000 0.14545455 0.00000000 0.00000000 0.00909091 0.00000000 0.00909091 0.00000000 0.00909091 0.00000000 0.00000000 0.00909091 0.01818182 0.00000000 0.00000000 0.00909091 0.10000000 0.19090909 0.20000000
0.00934579 0.00000000 0.09345794 0.00000000 0.17757009 0.20560748 0.17757009 0.13084112 0.12149533 0.00000000 0.00934579 0.00000000 0.00934579 0.00000000 0.00934579 0.00934579 0.01869159 0.00934579 0.01869159 0.00000000 0.00000000
0.00000000 0.00000000 0.00000000 0.18181818 0.00000000 0.12727273 0.16363636 0.12727273 0.20000000 0.14545455 0.00000000 0.00000000 0.00000000 0.03636364 0.00000000 0.00909091 0.00909091 0.00000000 0.00000000 0.00000000 0.00000000
0.00990099 0.00000000 0.00000000 0.10891089 0.17821782 0.00000000 0.12871287 0.15841584 0.20792079 0.15841584 0.00990099 0.00000000 0.00000000 0.00000000 0.00000000 0.01980198 0.00000000 0.00000000 0.00990099 0.00000000 0.00990099
0.01960784 0.00980392 0.01960784 0.13725490 0.17647059 0.16666667 0.00000000 0.13725490 0.14705882 0.13725490 0.00980392 0.00000000 0.01960784 0.00000000 0.00000000 0.00980392 0.00000000 0.00000000 0.00980392 0.00000000 0.00000000
0.00000000 0.01000000 0.01000000 0.18000000 0.13000000 0.14000000 0.11000000 0.00000000 0.21000000 0.16000000 0.01000000 0.02000000 0.00000000 0.00000000 0.01000000 0.00000000 0.00000000 0.01000000 0.00000000 0.00000000 0.00000000
0.00847458 0.00000000 0.00847458 0.19491525 0.17796610 0.15254237 0.12711864 0.13559322 0.00000000 0.15254237 0.00847458 0.00000000 0.00000000 0.00000000 0.01694915 0.00847458 0.00000000 0.00000000 0.00000000 0.00847458 0.00000000
0.00000000 0.01000000 0.00000000 0.00000000 0.13000000 0.08000000 0.18000000 0.17000000 0.19000000 0.00000000 0.16000000 0.00000000 0.01000000 0.00000000 0.00000000 0.01000000 0.01000000 0.01000000 0.01000000 0.03000000 0.00000000
0.00000000 0.00806452 0.00000000 0.00000000 0.00000000 0.00000000 0.00000000 0.01612903 0.00000000 0.11290323 0.00000000 0.20161290 0.10483871 0.20161290 0.12096774 0.17741935 0.01612903 0.01612903 0.00806452 0.01612903 0.00000000
0.00666667 0.01333333 0.00666667 0.00000000 0.00000000 0.00000000 0.00666667 0.00666667 0.00000000 0.00000000 0.18000000 0.00000000 0.11333333 0.18000000 0.16000000 0.15333333 0.15333333 0.00000000 0.00666667 0.00000000 0.01333333
0.00000000 0.00787402 0.00787402 0.00000000 0.01574803 0.00000000 0.00000000 0.00787402 0.00787402 0.00000000 0.13385827 0.14960630 0.00000000 0.21259843 0.19685039 0.14960630 0.10236220 0.00000000 0.00000000 0.00787402 0.00000000
0.00689655 0.00000000 0.01379310 0.00000000 0.00689655 0.00000000 0.00000000 0.00689655 0.00000000 0.00000000 0.17931034 0.16551724 0.17931034 0.00000000 0.14482759 0.09655172 0.17241379 0.00689655 0.00689655 0.00000000 0.01379310
0.00000000 0.00800000 0.00000000 0.00000000 0.01600000 0.01600000 0.00800000 0.00000000 0.00000000 0.00000000 0.11200000 0.20000000 0.19200000 0.11200000 0.00000000 0.12800000 0.18400000 0.01600000 0.00000000 0.00000000 0.00800000
0.00833333 0.00833333 0.00833333 0.00000000 0.00000000 0.00833333 0.00000000 0.00000000 0.00000000 0.00000000 0.11666667 0.22500000 0.15000000 0.17500000 0.15000000 0.00000000 0.11666667 0.00000000 0.01666667 0.00833333 0.00833333
0.00000000 0.00806452 0.00000000 0.01612903 0.01612903 0.00000000 0.01612903 0.00806452 0.00806452 0.00000000 0.00806452 0.19354839 0.15322581 0.19354839 0.08870968 0.12096774 0.00000000 0.16129032 0.00000000 0.00806452 0.00000000
0.19811321 0.16981132 0.00000000 0.00943396 0.00000000 0.00943396 0.00943396 0.00000000 0.00000000 0.00000000 0.00943396 0.00000000 0.00943396 0.00000000 0.00000000 0.01886792 0.16037736 0.00943396 0.10377358 0.16981132 0.12264151
0.22772277 0.14851485 0.09900990 0.00000000 0.00000000 0.00000000 0.00000000 0.00000000 0.00990099 0.01980198 0.00990099 0.00990099 0.00990099 0.00000000 0.00000000 0.00990099 0.00990099 0.10891089 0.00000000 0.09900990 0.23762376
0.11111111 0.17948718 0.17094017 0.00854701 0.00000000 0.00000000 0.00854701 0.00854701 0.00854701 0.00000000 0.00000000 0.01709402 0.00000000 0.00854701 0.02564103 0.00000000 0.01709402 0.13675214 0.15384615 0.00000000 0.14529915
0.16393443 0.18852459 0.15573770 0.00000000 0.00000000 0.00819672 0.00000000 0.00819672 0.00819672 0.00819672 0.00000000 0.00000000 0.00819672 0.00000000 0.01639344 0.00000000 0.00000000 0.15573770 0.11475410 0.16393443 0.00000000
