0.00000000 0.13422819 0.16107383 0.00671141 0.00000000 0.00000000 0.00000000 0.01342282 0.00000000 0.00671141 0.00671141 0.00671141 0.00000000 0.00671141 0.00000000 0.00671141 0.00000000 0.14765101 0.16107383 0.18120805 0.16107383
0.23943662 0.00000000 0.10563380 0.00704225 0.00000000 0.01408451 0.00704225 0.00000000 0.02112676 0.00000000 0.00000000 0.00000000 0.00000000 0.00000000 0.00000000 0.00000000 0.00704225 0.12676056 0.13380282 0.16901408 0.16901408
0.11450382 0.16793893 0.00000000 0.16030534 0.00000000 0.00763359 0.00000000 0.00763359 0.00763359 0.00763359 0.00000000 0.01526718 0.01526718 0.00763359 0.00000000 0.00763359 0.00000000 0.00000000 0.14503817 0.17557252 0.16030534
0.00000000 0.01098901 0.20879121 0.00000000 0.14285714 0.17582418 0.15384615 0.09890110 0.15384615 0.00000000 0.00000000 0.01098901 0.00000000 0.00000000 0.00000000 0.00000000 0.02197802 0.01098901 0.00000000 0.01098901 0.00000000
0.02197802 0.00000000 0.01098901 0.17582418 0.00000000 0.15384615 0.16483516 0.10989011 0.16483516 0.13186813 0.00000000 0.01098901 0.02197802 0.00000000 0.02197802 0.00000000 0.00000000 0.00000000 0.00000000 0.01098901 0.00000000
0.00000000 0.00000000 0.01041667 0.14583333 0.15625000 0.00000000 0.13541667 0.14583333 0.16666667 0.12500000 0.02083333 0.00000000 0.00000000 0.01041667 0.01041667 0.00000000 0.03125000 0.02083333 0.01041667 0.01041667 0.00000000
0.01123596 0.01123596 0.02247191 0.11235955 0.20224719 0.14606742 0.00000000 0.13483146 0.04494382 0.23595506 0.00000000 0.00000000 0.00000000 0.02247191 0.01123596 0.01123596 0.00000000 0.00000000 0.00000000 0.03370787 0.00000000
0.01136364 0.00000000 0.01136364 0.09090909 0.18181818 0.21590909 0.17045455 0.00000000 0.11363636 0.13636364 0.01136364 0.02272727 0.00000000 0.00000000 0.00000000 0.00000000 0.00000000 0.00000000 0.00000000 0.01136364 0.02272727
0.00000000 0.00000000 0.00000000 0.16091954 0.09195402 0.12643678 0.14942529 0.19540230 0.00000000 0.18390805 0.01149425 0.00000000 0.00000000 0.01149425 0.01149425 0.01149425 0.00000000 0.04597701 0.00000000 0.00000000 0.00000000
0.00980392 0.00980392 0.00980392 0.00980392 0.08823529 0.13725490 0.11764706 0.16666667 0.17647059 0.00000000 0.19607843 0.00000000 0.01960784 0.00980392 0.00000000 0.00980392 0.00980392 0.00980392 0.00980392 0.00000000 0.00980392
0.00000000 0.00000000 0.00000000 0.00862069 0.02586207 0.00000000 0.00862069 0.00000000 0.00862069 0.17241379 0.00000000 0.14655172 0.16379310 0.10344828 0.18103448 0.17241379 0.00862069 0.00000000 0.00000000 0.00000000 0.00000000
0.01694915 0.00000000 0.00847458 0.01694915 0.00847458 0.00847458 0.00000000 0.00000000 0.00000000 0.01694915 0.14406780 0.00000000 0.07627119 0.21186441 0.15254237 0.17796610 0.15254237 0.00000000 0.00000000 0.00000000 0.00847458
0.00000000 0.02586207 0.00000000 0.00000000 0.01724138 0.00000000 0.00000000 0.00862069 0.00000000 0.00000000 0.13793103 0.11206897 0.00000000 0.18965517 0.16379310 0.17241379 0.15517241 0.00000000 0.01724138 0.00000000 0.00000000
0.00847458 0.00000000 0.00847458 0.00000000 0.00847458 0.00000000 0.00000000 0.00847458 0.02542373 0.00000000 0.16101695 0.16101695 0.11864407 0.00000000 0.16949153 0.15254237 0.16949153 0.00000000 0.00000000 0.00000000 0.00847458
0.00840336 0.01680672 0.00000000 0.00000000 0.00840336 0.00000000 0.00000000 0.00840336 0.00000000 0.00840336 0.15966387 0.15966387 0.21008403 0.13445378 0.00000000 0.14285714 0.10924370 0.01680672 0.00000000 0.00840336 0.00840336
0.00000000 0.00000000 0.00000000 0.00000000 0.00000000 0.00000000 0.00854701 0.00000000 0.00854701 0.00854701 0.13675214 0.18803419 0.19658120 0.11965812 0.15384615 0.00000000 0.16239316 0.00000000 0.00000000 0.00000000 0.01709402
0.01724138 0.00000000 0.00000000 0.00862069 0.00000000 0.00862069 0.00862069 0.00000000 0.00000000 0.00000000 0.00000000 0.15517241 0.15517241 0.18103448 0.13793103 0.10344828 0.00000000 0.18965517 0.02586207 0.00000000 0.00862069
0.14285714 0.20000000 0.00000000 0.00714286 0.00714286 0.00000000 0.00000000 0.01428571 0.00000000 0.00000000 0.00714286 0.00714286 0.00714286 0.00714286 0.00000000 0.00714286 0.14285714 0.00000000 0.15000000 0.20000000 0.10000000
0.18382353 0.16911765 0.11029412 0.00000000 0.00735294 0.00735294 0.00735294 0.00000000 0.00000000 0.00000000 0.01470588 0.00000000 0.00735294 0.00000000 0.01470588 0.00000000 0.00000000 0.16911765 0.00000000 0.13235294 0.17647059
0.18300654 0.16339869 0.15032680 0.00000000 0.01307190 0.00000000 0.00653595 0.00000000 0.00653595 0.00653595 0.00000000 0.01307190 0.00000000 0.00000000 0.00000000 0.00653595 0.00000000 0.12418301 0.16339869 0.00000000 0.16339869
0.11347518 0.11347518 0.19148936 0.00000000 0.00000000 0.02127660 0.00709220 0.00709220 0.00000000 0.00709220 0.00709220 0.00000000 0.00000000 0.00709220 0.00000000 0.01418440 0.00000000 0.18439716 0.14893617 0.17730496 0.00000000
