0.00000000 0.08823529 0.15686275 0.01960784 0.00000000 0.00000000 0.00980392 0.00980392 0.01960784 0.00980392 0.00000000 0.00000000 0.00980392 0.00980392 0.01960784 0.00980392 0.00000000 0.10784314 0.16666667 0.20588235 0.15686275
0.18181818 0.00000000 0.19191919 0.00000000 0.00000000 0.02020202 0.00000000 0.01010101 0.00000000 0.01010101 0.01010101 0.01010101 0.01010101 0.00000000 0.01010101 0.01010101 0.00000000 0.16161616 0.13131313 0.11111111 0.13131313
0.22522523 0.12612613 0.00000000 0.17117117 0.00900901 0.00000000 0.01801802 0.00000000 0.00000000 0.00000000 0.00000000 0.00000000 0.00900901 0.00000000 0.00900901 0.02702703 0.00900901 0.00000000 0.09009009 0.14414414 0.16216216
0.00735294 0.00000000 0.16911765 0.00735294 0.10294118 0.16911765 0.14705882 0.15441176 0.18382353 0.00000000 0.00000000 0.02205882 0.00735294 0.00000000 0.00735294 0.00000000 0.00000000 0.01470588 0.00000000 0.00735294 0.00000000
0.00000000 0.00000000 0.00000000 0.13207547 0.00000000 0.11320755 0.18867925 0.13207547 0.17924528 0.17924528 0.00000000 0.00000000 0.00000000 0.00000000 0.01886792 0.00000000 0.00000000 0.01886792 0.00943396 0.01886792 0.00943396
0.00800000 0.00000000 0.00800000 0.20800000 0.13600000 0.00000000 0.13600000 0.13600000 0.14400000 0.17600000 0.00800000 0.00800000 0.00000000 0.00000000 0.00000000 0.00800000 0.00800000 0.00000000 0.00800000 0.00000000 0.00800000
0.00000000 0.00000000 0.00775194 0.18604651 0.15503876 0.15503876 0.00000000 0.15503876 0.18604651 0.12403101 0.00000000 0.00000000 0.00000000 0.00000000 0.00775194 0.00775194 0.00000000 0.00775194 0.00775194 0.00000000 0.00000000
0.00000000 0.00000000 0.00000000 0.13934426 0.07377049 0.20491803 0.18852459 0.00000000 0.22950820 0.10655738 0.00819672 0.00000000 0.00819672 0.01639344 0.00000000 0.00819672 0.00000000 0.00819672 0.00000000 0.00000000 0.00819672
0.00724638 0.00000000 0.00000000 0.20289855 0.13768116 0.14492754 0.14492754 0.18115942 0.00000000 0.14492754 0.00000000 0.00000000 0.00000000 0.00000000 0.00724638 0.00000000 0.00724638 0.00000000 0.00000000 0.01449275 0.00724638
0.01694915 0.00000000 0.00847458 0.00000000 0.13559322 0.16101695 0.16101695 0.13559322 0.15254237 0.00000000 0.18644068 0.00847458 0.01694915 0.00000000 0.00000000 0.00000000 0.00000000 0.00847458 0.00000000 0.00000000 0.00847458
0.00000000 0.00775194 0.01550388 0.00000000 0.00000000 0.00000000 0.00000000 0.00000000 0.00000000 0.15503876 0.00000000 0.17054264 0.19379845 0.13953488 0.16279070 0.12403101 0.01550388 0.00000000 0.00775194 0.00000000 0.00775194
0.00813008 0.00000000 0.00000000 0.00813008 0.00813008 0.00000000 0.00813008 0.00813008 0.00000000 0.00813008 0.13821138 0.00000000 0.13008130 0.21138211 0.17073171 0.18699187 0.08130081 0.01626016 0.00813008 0.00813008 0.00000000
0.00000000 0.00000000 0.00000000 0.00704225 0.00000000 0.00000000 0.01408451 0.00704225 0.00000000 0.00704225 0.16901408 0.18309859 0.00000000 0.13380282 0.20422535 0.12676056 0.14084507 0.00000000 0.00000000 0.00704225 0.00000000
0.00000000 0.00000000 0.00757576 0.00000000 0.00757576 0.00000000 0.00000000 0.01515152 0.00757576 0.00000000 0.16666667 0.14393939 0.20454545 0.00000000 0.11363636 0.21212121 0.09090909 0.00757576 0.00000000 0.02272727 0.00000000
0.00000000 0.01574803 0.00000000 0.00000000 0.01574803 0.00000000 0.00787402 0.00000000 0.00787402 0.00000000 0.17322835 0.16535433 0.18110236 0.14173228 0.00000000 0.13385827 0.13385827 0.00787402 0.01574803 0.00000000 0.00000000
0.00000000 0.00000000 0.00769231 0.00000000 0.01538462 0.00000000 0.00769231 0.00000000 0.00000000 0.00769231 0.11538462 0.14615385 0.16923077 0.16923077 0.14615385 0.00000000 0.20000000 0.00000000 0.00769231 0.00000000 0.00769231
0.00900901 0.03603604 0.00900901 0.00000000 0.00900901 0.00900901 0.00900901 0.00000000 0.01801802 0.00000000 0.00000000 0.07207207 0.18018018 0.17117117 0.11711712 0.16216216 0.00000000 0.18018018 0.00900901 0.00000000 0.00900901
0.10000000 0.10000000 0.00000000 0.01111111 0.02222222 0.00000000 0.00000000 0.01111111 0.00000000 0.01111111 0.02222222 0.01111111 0.01111111 0.01111111 0.00000000 0.01111111 0.22222222 0.00000000 0.20000000 0.15555556 0.10000000
0.15151515 0.19191919 0.18181818 0.00000000 0.01010101 0.00000000 0.00000000 0.01010101 0.00000000 0.02020202 0.00000000 0.00000000 0.00000000 0.02020202 0.00000000 0.00000000 0.00000000 0.12121212 0.00000000 0.16161616 0.13131313
0.13402062 0.25773196 0.11340206 0.01030928 0.00000000 0.01030928 0.02061856 0.01030928 0.00000000 0.00000000 0.01030928 0.01030928 0.00000000 0.02061856 0.00000000 0.00000000 0.00000000 0.11340206 0.15463918 0.00000000 0.13402062
0.16666667 0.17777778 0.17777778 0.01111111 0.00000000 0.02222222 0.00000000 0.00000000 0.00000000 0.00000000 0.00000000 0.00000000 0.01111111 0.02222222 0.00000000 0.01111111 0.01111111 0.10000000 0.18888889 0.10000000 0.00000000
