0.00000000 0.12711864 0.14406780 0.01694915 0.01694915 0.00000000 0.00000000 0.01694915 0.00000000 0.00847458 0.00000000 0.00847458 0.00000000 0.00000000 0.00000000 0.00000000 0.00000000 0.16949153 0.21186441 0.12711864 0.15254237
0.09523810 0.00000000 0.13333333 0.00952381 0.00000000 0.00000000 0.01904762 0.00000000 0.00952381 0.00000000 0.00952381 0.00000000 0.00000000 0.02857143 0.00952381 0.00000000 0.00000000 0.17142857 0.20000000 0.13333333 0.18095238
0.14159292 0.13274336 0.00000000 0.15044248 0.00884956 0.00000000 0.00884956 0.00000000 0.00000000 0.00884956 0.00000000 0.00884956 0.00000000 0.00000000 0.00884956 0.00000000 0.01769912 0.00884956 0.17699115 0.18584071 0.14159292
0.00800000 0.00000000 0.11200000 0.00000000 0.18400000 0.12800000 0.19200000 0.12800000 0.19200000 0.00000000 0.00800000 0.00000000 0.00000000 0.00800000 0.01600000 0.00000000 0.00800000 0.00000000 0.00000000 0.00000000 0.01600000
0.00000000 0.02290076 0.01526718 0.12213740 0.00000000 0.19847328 0.15267176 0.14503817 0.15267176 0.15267176 0.00763359 0.00000000 0.00000000 0.00000000 0.00763359 0.00763359 0.00763359 0.00000000 0.00000000 0.00763359 0.00000000
0.00000000 0.01481481 0.00740741 0.10370370 0.12592593 0.00000000 0.14074074 0.17037037 0.19259259 0.18518519 0.02222222 0.00000000 0.00000000 0.00000000 0.00740741 0.00000000 0.00000000 0.01481481 0.00000000 0.00740741 0.00740741
0.00000000 0.00000000 0.00709220 0.18439716 0.14184397 0.09219858 0.00000000 0.16312057 0.19148936 0.16312057 0.00000000 0.00000000 0.00000000 0.00000000 0.00709220 0.01418440 0.00709220 0.00000000 0.00709220 0.01418440 0.00709220
0.00806452 0.00000000 0.00000000 0.15322581 0.12903226 0.17741935 0.16129032 0.00000000 0.11290323 0.20967742 0.00000000 0.00000000 0.02419355 0.00806452 0.00000000 0.00000000 0.00000000 0.00000000 0.01612903 0.00000000 0.00000000
0.00000000 0.01418440 0.00000000 0.17730496 0.16312057 0.21276596 0.19148936 0.11347518 0.00000000 0.08510638 0.00000000 0.00709220 0.00709220 0.00000000 0.01418440 0.00000000 0.00000000 0.00709220 0.00000000 0.00709220 0.00000000
0.00000000 0.00000000 0.00775194 0.00000000 0.17054264 0.15503876 0.17054264 0.13953488 0.15503876 0.00000000 0.14728682 0.00000000 0.02325581 0.00775194 0.00000000 0.00775194 0.00775194 0.00000000 0.00000000 0.00000000 0.00775194
0.00000000 0.00952381 0.00000000 0.00952381 0.00000000 0.00000000 0.00952381 0.00000000 0.01904762 0.13333333 0.00000000 0.18095238 0.10476190 0.17142857 0.17142857 0.17142857 0.00952381 0.00000000 0.00000000 0.00952381 0.00000000
0.00000000 0.00000000 0.00000000 0.00000000 0.01000000 0.02000000 0.00000000 0.02000000 0.00000000 0.02000000 0.12000000 0.00000000 0.14000000 0.22000000 0.18000000 0.11000000 0.11000000 0.00000000 0.01000000 0.02000000 0.02000000
0.00000000 0.00000000 0.01052632 0.01052632 0.00000000 0.00000000 0.01052632 0.00000000 0.02105263 0.01052632 0.15789474 0.22105263 0.00000000 0.18947368 0.07368421 0.17894737 0.10526316 0.01052632 0.00000000 0.00000000 0.00000000
0.00854701 0.00000000 0.00000000 0.00000000 0.00000000 0.00000000 0.00854701 0.00854701 0.00000000 0.00854701 0.11111111 0.16239316 0.14529915 0.00000000 0.16239316 0.18803419 0.17948718 0.00854701 0.00000000 0.00854701 0.00000000
0.00000000 0.00000000 0.00000000 0.01020408 0.02040816 0.01020408 0.01020408 0.00000000 0.00000000 0.01020408 0.13265306 0.08163265 0.17346939 0.21428571 0.00000000 0.17346939 0.15306122 0.00000000 0.00000000 0.00000000 0.01020408
0.02777778 0.00000000 0.00000000 0.00000000 0.00000000 0.01851852 0.00000000 0.00925926 0.00000000 0.00000000 0.23148148 0.13888889 0.13888889 0.13888889 0.13888889 0.00000000 0.13888889 0.00000000 0.00925926 0.00925926 0.00000000
0.01000000 0.01000000 0.01000000 0.00000000 0.01000000 0.00000000 0.00000000 0.00000000 0.02000000 0.01000000 0.00000000 0.13000000 0.13000000 0.16000000 0.09000000 0.13000000 0.00000000 0.26000000 0.02000000 0.01000000 0.00000000
0.18253968 0.15079365 0.00000000 0.00793651 0.00793651 0.00000000 0.00793651 0.00000000 0.00793651 0.00000000 0.00793651 0.00000000 0.00793651 0.00000000 0.00793651 0.00793651 0.15079365 0.00000000 0.14285714 0.15873016 0.15079365
0.14173228 0.13385827 0.21259843 0.00000000 0.00787402 0.00787402 0.00787402 0.00787402 0.00787402 0.00787402 0.00787402 0.00000000 0.00000000 0.00000000 0.00787402 0.01574803 0.00787402 0.18110236 0.00000000 0.10236220 0.14173228
0.22222222 0.12962963 0.15740741 0.00000000 0.00000000 0.00000000 0.00000000 0.01851852 0.01851852 0.00000000 0.00000000 0.01851852 0.00000000 0.00000000 0.00000000 0.02777778 0.00000000 0.13888889 0.15740741 0.00000000 0.11111111
0.18181818 0.14545455 0.15454545 0.00909091 0.00909091 0.00909091 0.00000000 0.00000000 0.00000000 0.00000000 0.00000000 0.00000000 0.00000000 0.00909091 0.00909091 0.00000000 0.00909091 0.16363636 0.17272727 0.12727273 0.00000000
