0.00000000 0.14179104 0.15671642 0.00000000 0.00000000 0.00000000 0.00000000 0.00000000 0.00000000 0.00000000 0.00746269 0.00746269 0.00746269 0.00746269 0.00746269 0.00746269 0.00000000 0.14925373 0.14179104 0.16417910 0.20149254
0.17391304 0.00000000 0.18115942 0.00000000 0.00000000 0.00000000 0.00724638 0.00000000 0.00000000 0.00000000 0.00000000 0.00724638 0.00000000 0.01449275 0.00000000 0.00000000 0.01449275 0.16666667 0.17391304 0.13043478 0.13043478
0.12025316 0.17721519 0.00000000 0.15822785 0.00632911 0.01265823 0.00632911 0.00632911 0.00000000 0.01265823 0.00632911 0.00632911 0.00632911 0.00000000 0.00000000 0.00000000 0.00632911 0.00000000 0.13924051 0.15822785 0.17721519
0.00000000 0.00961538 0.20192308 0.00000000 0.13461538 0.10576923 0.14423077 0.21153846 0.12500000 0.02884615 0.00961538 0.00000000 0.00000000 0.00000000 0.00961538 0.00000000 0.00000000 0.00000000 0.00961538 0.00961538 0.00000000
0.01086957 0.00000000 0.01086957 0.13043478 0.00000000 0.17391304 0.15217391 0.13043478 0.15217391 0.16304348 0.00000000 0.00000000 0.01086957 0.03260870 0.00000000 0.02173913 0.01086957 0.00000000 0.00000000 0.00000000 0.00000000
0.00000000 0.01190476 0.00000000 0.17857143 0.16666667 0.00000000 0.11904762 0.10714286 0.16666667 0.17857143 0.00000000 0.02380952 0.00000000 0.00000000 0.00000000 0.00000000 0.00000000 0.02380952 0.01190476 0.00000000 0.01190476
0.02247191 0.01123596 0.00000000 0.19101124 0.21348315 0.10112360 0.00000000 0.16853933 0.11235955 0.11235955 0.01123596 0.00000000 0.01123596 0.00000000 0.01123596 0.00000000 0.00000000 0.00000000 0.00000000 0.01123596 0.02247191
0.01111111 0.00000000 0.00000000 0.14444444 0.13333333 0.17777778 0.15555556 0.00000000 0.18888889 0.08888889 0.00000000 0.01111111 0.01111111 0.01111111 0.00000000 0.00000000 0.00000000 0.02222222 0.01111111 0.02222222 0.01111111
0.00000000 0.00000000 0.00000000 0.15476190 0.16666667 0.19047619 0.13095238 0.13095238 0.00000000 0.14285714 0.00000000 0.00000000 0.01190476 0.02380952 0.00000000 0.01190476 0.01190476 0.00000000 0.02380952 0.00000000 0.00000000
0.01265823 0.00000000 0.01265823 0.01265823 0.16455696 0.11392405 0.18987342 0.15189873 0.08860759 0.00000000 0.16455696 0.00000000 0.00000000 0.00000000 0.02531646 0.01265823 0.00000000 0.00000000 0.01265823 0.02531646 0.01265823
0.00000000 0.00000000 0.01709402 0.00854701 0.00000000 0.00854701 0.00000000 0.00000000 0.01709402 0.09401709 0.00000000 0.13675214 0.21367521 0.19658120 0.17948718 0.11965812 0.00000000 0.00000000 0.00000000 0.00854701 0.00000000
0.01739130 0.00000000 0.00000000 0.00869565 0.00000000 0.00869565 0.00869565 0.00000000 0.00869565 0.00000000 0.14782609 0.00000000 0.19130435 0.16521739 0.12173913 0.13043478 0.17391304 0.00869565 0.00869565 0.00000000 0.00000000
0.00000000 0.00000000 0.00757576 0.00000000 0.00757576 0.01515152 0.00757576 0.00757576 0.00000000 0.00000000 0.15909091 0.12121212 0.00000000 0.15909091 0.15909091 0.13636364 0.19696970 0.00757576 0.00000000 0.00757576 0.00757576
0.00000000 0.00781250 0.00000000 0.00781250 0.00000000 0.00000000 0.01562500 0.00781250 0.00781250 0.00000000 0.17187500 0.11718750 0.14062500 0.00000000 0.16406250 0.16406250 0.17187500 0.00781250 0.01562500 0.00000000 0.00000000
0.00787402 0.00000000 0.00000000 0.00000000 0.00787402 0.00000000 0.00000000 0.00000000 0.00000000 0.01574803 0.12598425 0.12598425 0.12598425 0.18110236 0.00000000 0.21259843 0.17322835 0.00000000 0.00000000 0.00787402 0.01574803
0.01709402 0.00000000 0.00854701 0.00854701 0.00000000 0.00000000 0.00000000 0.00000000 0.02564103 0.00000000 0.17948718 0.17948718 0.12820513 0.13675214 0.16239316 0.00000000 0.12820513 0.00854701 0.00854701 0.00000000 0.00854701
0.00000000 0.00757576 0.00000000 0.00000000 0.00757576 0.00000000 0.00757576 0.01515152 0.00000000 0.00757576 0.00757576 0.16666667 0.21212121 0.12878788 0.15909091 0.10606061 0.00000000 0.15909091 0.00000000 0.00757576 0.00757576
0.15748031 0.14960630 0.00787402 0.00000000 0.00787402 0.00000000 0.00000000 0.00000000 0.00000000 0.00000000 0.00787402 0.00787402 0.01574803 0.00000000 0.00787402 0.00000000 0.15748031 0.00000000 0.19685039 0.13385827 0.14960630
0.16083916 0.16783217 0.17482517 0.02097902 0.00000000 0.00000000 0.00000000 0.00699301 0.01398601 0.00000000 0.00699301 0.00699301 0.00000000 0.00000000 0.00699301 0.00699301 0.00000000 0.13986014 0.00000000 0.13286713 0.15384615
0.16153846 0.18461538 0.20769231 0.00000000 0.00000000 0.00000000 0.02307692 0.00000000 0.00000000 0.00000000 0.00000000 0.00769231 0.00000000 0.00000000 0.00000000 0.00000000 0.01538462 0.12307692 0.18461538 0.00000000 0.09230769
0.13235294 0.13970588 0.23529412 0.00000000 0.00735294 0.00735294 0.00000000 0.02205882 0.00000000 0.00000000 0.00000000 0.00000000 0.00000000 0.00000000 0.02205882 0.01470588 0.00000000 0.13970588 0.13970588 0.13970588 0.00000000
