0.00000000 0.08910891 0.16831683 0.00000000 0.01980198 0.00000000 0.01980198 0.00000000 0.00000000 0.02970297 0.00000000 0.00990099 0.00990099 0.00990099 0.00000000 0.00000000 0.00000000 0.16831683 0.18811881 0.13861386 0.14851485
0.10377358 0.00000000 0.17924528 0.00943396 0.00000000 0.00943396 0.01886792 0.00943396 0.00000000 0.00000000 0.00943396 0.00000000 0.00000000 0.00000000 0.00000000 0.00000000 0.01886792 0.16037736 0.16037736 0.14150943 0.17924528
0.12962963 0.17592593 0.00000000 0.14814815 0.00000000 0.00000000 0.00000000 0.00000000 0.00000000 0.00000000 0.00925926 0.00000000 0.01851852 0.00925926 0.00925926 0.00925926 0.00925926 0.00000000 0.14814815 0.20370370 0.12962963
0.02409639 0.00000000 0.16867470 0.00000000 0.18072289 0.13253012 0.18072289 0.13253012 0.08433735 0.01204819 0.00000000 0.01204819 0.00000000 0.00000000 0.01204819 0.02409639 0.00000000 0.01204819 0.00000000 0.02409639 0.00000000
0.02970297 0.00000000 0.00000000 0.15841584 0.00000000 0.11881188 0.23762376 0.12871287 0.09900990 0.16831683 0.00990099 0.00000000 0.00990099 0.00000000 0.00000000 0.01980198 0.00000000 0.00990099 0.00990099 0.00000000 0.00000000
0.00000000 0.02197802 0.02197802 0.08791209 0.12087912 0.00000000 0.15384615 0.17582418 0.18681319 0.16483516 0.00000000 0.01098901 0.00000000 0.01098901 0.00000000 0.01098901 0.02197802 0.00000000 0.00000000 0.01098901 0.00000000
0.01010101 0.01010101 0.00000000 0.13131313 0.17171717 0.19191919 0.00000000 0.13131313 0.13131313 0.17171717 0.00000000 0.00000000 0.01010101 0.00000000 0.02020202 0.00000000 0.00000000 0.00000000 0.01010101 0.01010101 0.00000000
0.00000000 0.00000000 0.02040816 0.13265306 0.11224490 0.20408163 0.11224490 0.00000000 0.12244898 0.20408163 0.00000000 0.01020408 0.01020408 0.00000000 0.01020408 0.02040816 0.02040816 0.00000000 0.00000000 0.00000000 0.02040816
0.01149425 0.00000000 0.01149425 0.09195402 0.17241379 0.06896552 0.14942529 0.22988506 0.00000000 0.19540230 0.00000000 0.02298851 0.00000000 0.00000000 0.01149425 0.01149425 0.00000000 0.01149425 0.00000000 0.01149425 0.00000000
0.00000000 0.00862069 0.00000000 0.00000000 0.19827586 0.13793103 0.09482759 0.15517241 0.15517241 0.00000000 0.17241379 0.00862069 0.00000000 0.00000000 0.00000000 0.00000000 0.00862069 0.00000000 0.03448276 0.01724138 0.00862069
0.00000000 0.01273885 0.00000000 0.00000000 0.01273885 0.00636943 0.00000000 0.00000000 0.00636943 0.12738854 0.00000000 0.18471338 0.18471338 0.14649682 0.17197452 0.13375796 0.00000000 0.00636943 0.00000000 0.00000000 0.00636943
0.00000000 0.00699301 0.00699301 0.01398601 0.00000000 0.00000000 0.00000000 0.00699301 0.00000000 0.00000000 0.16783217 0.00699301 0.18181818 0.15384615 0.11888112 0.18881119 0.11888112 0.00000000 0.00000000 0.01398601 0.01398601
0.00000000 0.00000000 0.00000000 0.01250000 0.00625000 0.00625000 0.00625000 0.00000000 0.00625000 0.00000000 0.16250000 0.11875000 0.00000000 0.20000000 0.15000000 0.13125000 0.18125000 0.00625000 0.00625000 0.00000000 0.00625000
0.01298701 0.00649351 0.00000000 0.00649351 0.00000000 0.00000000 0.00000000 0.00649351 0.00649351 0.01298701 0.11688312 0.13636364 0.18831169 0.00000000 0.18181818 0.14285714 0.17532468 0.00000000 0.00000000 0.00000000 0.00649351
0.00000000 0.00000000 0.02684564 0.00000000 0.00000000 0.00671141 0.00671141 0.01342282 0.00000000 0.00671141 0.20805369 0.16107383 0.14765101 0.19463087 0.00000000 0.13422819 0.09395973 0.00000000 0.00000000 0.00000000 0.00000000
0.00000000 0.00000000 0.00000000 0.00000000 0.01351351 0.00000000 0.02027027 0.00000000 0.00000000 0.01351351 0.18243243 0.14189189 0.17567568 0.13513514 0.17567568 0.00000000 0.11486486 0.00675676 0.00000000 0.01351351 0.00675676
0.00769231 0.00000000 0.00769231 0.00000000 0.00000000 0.00000000 0.00000000 0.00000000 0.02307692 0.00000000 0.00000000 0.14615385 0.14615385 0.16923077 0.13846154 0.20000000 0.00000000 0.15384615 0.00000000 0.00000000 0.00769231
0.17142857 0.14285714 0.00000000 0.00000000 0.00000000 0.00952381 0.00000000 0.00000000 0.00952381 0.00000000 0.03809524 0.00952381 0.00000000 0.00952381 0.00952381 0.00952381 0.15238095 0.00000000 0.13333333 0.18095238 0.12380952
0.17592593 0.13888889 0.15740741 0.00000000 0.00925926 0.00925926 0.00925926 0.00925926 0.00925926 0.00000000 0.00925926 0.00000000 0.00925926 0.00000000 0.00925926 0.00000000 0.00925926 0.13888889 0.00000000 0.16666667 0.13888889
0.14285714 0.20535714 0.12500000 0.01785714 0.00000000 0.00892857 0.00892857 0.00000000 0.00892857 0.00892857 0.00892857 0.00000000 0.00892857 0.01785714 0.00892857 0.00000000 0.00000000 0.12500000 0.17857143 0.00000000 0.12500000
0.13000000 0.17000000 0.16000000 0.01000000 0.01000000 0.00000000 0.00000000 0.01000000 0.00000000 0.00000000 0.02000000 0.01000000 0.01000000 0.00000000 0.00000000 0.01000000 0.01000000 0.16000000 0.15000000 0.14000000 0.00000000
