0.00000000 0.15094340 0.11949686 0.00628931 0.01257862 0.00628931 0.00628931 0.00628931 0.00628931 0.00000000 0.00000000 0.01257862 0.00000000 0.00628931 0.00000000 0.00628931 0.00628931 0.17610063 0.11949686 0.15723270 0.20125786
0.14838710 0.00000000 0.10967742 0.00000000 0.00000000 0.00645161 0.00645161 0.00645161 0.00000000 0.00645161 0.00645161 0.00000000 0.00000000 0.00000000 0.02580645 0.00000000 0.00645161 0.20645161 0.21935484 0.12258065 0.12903226
0.14379085 0.11764706 0.00000000 0.11764706 0.00000000 0.00000000 0.00653595 0.01307190 0.00653595 0.00000000 0.00653595 0.00000000 0.00000000 0.01307190 0.00000000 0.00653595 0.00000000 0.00000000 0.16339869 0.19607843 0.20915033
0.00000000 0.00000000 0.17293233 0.00751880 0.18045113 0.15037594 0.18796992 0.14285714 0.10526316 0.01503759 0.00000000 0.00000000 0.00000000 0.00000000 0.00000000 0.00000000 0.00751880 0.00751880 0.01503759 0.00751880 0.00000000
0.00000000 0.00000000 0.00719424 0.16546763 0.00000000 0.13669065 0.17985612 0.15827338 0.12230216 0.17985612 0.00719424 0.00719424 0.01438849 0.00000000 0.00000000 0.00719424 0.00000000 0.00719424 0.00000000 0.00719424 0.00000000
0.00699301 0.01398601 0.00000000 0.15384615 0.16083916 0.00000000 0.16783217 0.14685315 0.17482517 0.11888112 0.00000000 0.00000000 0.00000000 0.01398601 0.00699301 0.01398601 0.00000000 0.01398601 0.00000000 0.00699301 0.00000000
0.00000000 0.00735294 0.01470588 0.15441176 0.16176471 0.20588235 0.00000000 0.13235294 0.11764706 0.15441176 0.00735294 0.00735294 0.00000000 0.00000000 0.00735294 0.00000000 0.00000000 0.00000000 0.01470588 0.00735294 0.00735294
0.00000000 0.00000000 0.00000000 0.15384615 0.19230769 0.14615385 0.14615385 0.00000000 0.14615385 0.15384615 0.01538462 0.00000000 0.00769231 0.00769231 0.00000000 0.00769231 0.01538462 0.00000000 0.00000000 0.00000000 0.00769231
0.01754386 0.00877193 0.00000000 0.17543860 0.13157895 0.14912281 0.15789474 0.15789474 0.00000000 0.14035088 0.00000000 0.00877193 0.02631579 0.00000000 0.00000000 0.00877193 0.00000000 0.00000000 0.00000000 0.00877193 0.00877193
0.00000000 0.00000000 0.00000000 0.00819672 0.17213115 0.23770492 0.12295082 0.18852459 0.13934426 0.00000000 0.06557377 0.02459016 0.00819672 0.00000000 0.00819672 0.00819672 0.00000000 0.00000000 0.00000000 0.00000000 0.01639344
0.01851852 0.01851852 0.01851852 0.01851852 0.00000000 0.03703704 0.00000000 0.03703704 0.00000000 0.27777778 0.00000000 0.16666667 0.07407407 0.07407407 0.07407407 0.14814815 0.00000000 0.01851852 0.00000000 0.01851852 0.00000000
0.00000000 0.05357143 0.01785714 0.00000000 0.01785714 0.01785714 0.05357143 0.00000000 0.01785714 0.01785714 0.14285714 0.00000000 0.10714286 0.14285714 0.14285714 0.16071429 0.08928571 0.00000000 0.01785714 0.00000000 0.00000000
0.00000000 0.02000000 0.04000000 0.00000000 0.00000000 0.00000000 0.00000000 0.00000000 0.02000000 0.00000000 0.14000000 0.16000000 0.00000000 0.16000000 0.16000000 0.16000000 0.12000000 0.00000000 0.02000000 0.00000000 0.00000000
0.00000000 0.00000000 0.01785714 0.01785714 0.01785714 0.00000000 0.00000000 0.05357143 0.01785714 0.00000000 0.21428571 0.17857143 0.05357143 0.00000000 0.08928571 0.17857143 0.12500000 0.00000000 0.01785714 0.00000000 0.01785714
0.00000000 0.00000000 0.00000000 0.00000000 0.02000000 0.02000000 0.00000000 0.00000000 0.00000000 0.02000000 0.14000000 0.12000000 0.14000000 0.12000000 0.00000000 0.10000000 0.24000000 0.02000000 0.02000000 0.04000000 0.00000000
0.01724138 0.01724138 0.01724138 0.01724138 0.00000000 0.01724138 0.00000000 0.00000000 0.00000000 0.00000000 0.08620690 0.13793103 0.12068966 0.17241379 0.15517241 0.00000000 0.17241379 0.03448276 0.00000000 0.00000000 0.03448276
0.01492537 0.00000000 0.00000000 0.01492537 0.00000000 0.00000000 0.04477612 0.00000000 0.01492537 0.00000000 0.01492537 0.07462687 0.19402985 0.16417910 0.08955224 0.11940299 0.00000000 0.22388060 0.01492537 0.01492537 0.00000000
0.15384615 0.14201183 0.00000000 0.00000000 0.00591716 0.00000000 0.00000000 0.00000000 0.00000000 0.00000000 0.00000000 0.00000000 0.01183432 0.01183432 0.00000000 0.00591716 0.11834320 0.00000000 0.24852071 0.15384615 0.14792899
0.17877095 0.15642458 0.14525140 0.00000000 0.00558659 0.00000000 0.00000000 0.00000000 0.00000000 0.01117318 0.00000000 0.00558659 0.00558659 0.00558659 0.00000000 0.00000000 0.00000000 0.15642458 0.00000000 0.20670391 0.12290503
0.12941176 0.16470588 0.20000000 0.01176471 0.01176471 0.00588235 0.00000000 0.00000000 0.00000000 0.00588235 0.00000000 0.00588235 0.00000000 0.00000000 0.01176471 0.00000000 0.00000000 0.16470588 0.14705882 0.00000000 0.14117647
0.17177914 0.14110429 0.15337423 0.00000000 0.00000000 0.01840491 0.00613497 0.00000000 0.00000000 0.00000000 0.00000000 0.00000000 0.00000000 0.00000000 0.00613497 0.00613497 0.01226994 0.18404908 0.15337423 0.14723926 0.00000000
