0.00000000 0.12121212 0.20202020 0.01010101 0.00000000 0.00000000 0.00000000 0.00000000 0.01010101 0.00000000 0.01010101 0.02020202 0.00000000 0.00000000 0.00000000 0.01010101 0.00000000 0.20202020 0.11111111 0.18181818 0.12121212
0.08490566 0.00000000 0.19811321 0.00000000 0.00943396 0.00943396 0.00943396 0.00000000 0.00943396 0.00000000 0.00943396 0.00000000 0.00000000 0.00943396 0.02830189 0.00943396 0.00943396 0.12264151 0.20754717 0.14150943 0.14150943
0.17307692 0.14423077 0.00000000 0.13461538 0.00000000 0.00000000 0.00000000 0.01923077 0.00000000 0.00961538 0.00000000 0.00000000 0.00961538 0.00961538 0.00000000 0.00000000 0.00961538 0.00961538 0.16346154 0.12500000 0.19230769
0.00000000 0.01470588 0.11764706 0.00000000 0.11764706 0.16176471 0.20588235 0.18382353 0.15441176 0.00000000 0.00735294 0.02205882 0.00000000 0.00000000 0.00000000 0.00000000 0.00735294 0.00735294 0.00000000 0.00000000 0.00000000
0.02272727 0.00000000 0.00757576 0.16666667 0.00000000 0.21969697 0.09848485 0.17424242 0.11363636 0.17424242 0.00000000 0.00000000 0.00000000 0.00757576 0.00000000 0.00000000 0.00000000 0.00000000 0.00000000 0.01515152 0.00000000
0.00787402 0.00787402 0.00000000 0.09448819 0.15748031 0.00000000 0.16535433 0.17322835 0.20472441 0.13385827 0.00787402 0.00000000 0.00000000 0.01574803 0.00787402 0.00787402 0.00000000 0.00787402 0.00787402 0.00000000 0.00000000
0.00000000 0.00000000 0.00704225 0.17605634 0.15492958 0.11971831 0.00000000 0.16901408 0.20422535 0.14084507 0.00704225 0.00000000 0.00000000 0.00000000 0.00704225 0.00000000 0.00000000 0.00704225 0.00000000 0.00000000 0.00704225
0.00000000 0.00000000 0.00684932 0.20547945 0.17123288 0.10958904 0.19863014 0.00000000 0.13013699 0.13013699 0.00000000 0.00684932 0.00000000 0.00684932 0.00000000 0.00000000 0.00684932 0.00000000 0.00684932 0.00000000 0.02054795
0.00000000 0.00000000 0.00000000 0.19259259 0.16296296 0.14074074 0.18518519 0.16296296 0.00000000 0.10370370 0.00000000 0.00000000 0.01481481 0.00740741 0.00740741 0.00740741 0.01481481 0.00000000 0.00000000 0.00000000 0.00000000
0.00000000 0.00833333 0.00833333 0.00000000 0.17500000 0.14166667 0.16666667 0.17500000 0.15833333 0.00000000 0.14166667 0.00000000 0.00000000 0.00000000 0.00833333 0.00833333 0.00000000 0.00000000 0.00000000 0.00000000 0.00833333
0.00840336 0.00000000 0.00000000 0.00000000 0.00000000 0.00000000 0.01680672 0.00840336 0.00000000 0.15966387 0.00000000 0.16806723 0.20168067 0.13445378 0.14285714 0.10924370 0.01680672 0.00000000 0.01680672 0.00840336 0.00840336
0.00000000 0.00847458 0.01694915 0.00847458 0.00847458 0.00000000 0.00000000 0.00847458 0.00847458 0.00847458 0.16949153 0.00000000 0.14406780 0.11016949 0.10169492 0.15254237 0.22033898 0.00847458 0.00847458 0.01694915 0.00000000
0.00787402 0.00000000 0.00000000 0.00000000 0.00000000 0.00787402 0.00787402 0.00000000 0.00000000 0.00787402 0.19685039 0.17322835 0.00000000 0.20472441 0.13385827 0.13385827 0.10236220 0.00787402 0.00787402 0.00000000 0.00787402
0.01754386 0.00877193 0.00000000 0.00000000 0.00877193 0.01754386 0.00000000 0.01754386 0.00000000 0.00000000 0.15789474 0.15789474 0.10526316 0.00000000 0.13157895 0.20175439 0.14912281 0.01754386 0.00000000 0.00877193 0.00000000
0.00000000 0.01010101 0.00000000 0.00000000 0.01010101 0.01010101 0.00000000 0.01010101 0.01010101 0.00000000 0.11111111 0.22222222 0.14141414 0.21212121 0.00000000 0.10101010 0.13131313 0.01010101 0.01010101 0.01010101 0.00000000
0.00934579 0.00000000 0.00000000 0.00000000 0.00934579 0.00934579 0.00000000 0.00000000 0.00000000 0.00000000 0.17757009 0.13084112 0.26168224 0.10280374 0.09345794 0.00000000 0.17757009 0.00000000 0.00934579 0.00000000 0.01869159
0.00000000 0.01694915 0.00847458 0.00000000 0.00000000 0.00000000 0.00000000 0.00847458 0.00000000 0.00000000 0.00847458 0.11864407 0.20338983 0.16101695 0.15254237 0.15254237 0.00000000 0.14406780 0.00847458 0.00000000 0.01694915
0.16521739 0.18260870 0.00869565 0.00000000 0.00000000 0.00000000 0.00000000 0.00000000 0.00000000 0.01739130 0.00869565 0.00869565 0.00869565 0.00000000 0.01739130 0.00869565 0.18260870 0.00000000 0.10434783 0.17391304 0.11304348
0.20388350 0.11650485 0.18446602 0.00970874 0.00000000 0.00000000 0.00970874 0.00000000 0.00970874 0.01941748 0.00000000 0.00970874 0.01941748 0.00000000 0.00000000 0.00000000 0.00000000 0.19417476 0.00000000 0.07766990 0.14563107
0.12087912 0.21978022 0.08791209 0.02197802 0.01098901 0.00000000 0.00000000 0.01098901 0.00000000 0.01098901 0.00000000 0.00000000 0.01098901 0.00000000 0.01098901 0.01098901 0.00000000 0.17582418 0.16483516 0.00000000 0.14285714
0.12244898 0.17346939 0.12244898 0.02040816 0.00000000 0.01020408 0.01020408 0.00000000 0.01020408 0.00000000 0.02040816 0.00000000 0.01020408 0.01020408 0.00000000 0.01020408 0.01020408 0.20408163 0.16326531 0.10204082 0.00000000
