0.00000000 0.21259843 0.12598425 0.00787402 0.00000000 0.00787402 0.00787402 0.00000000 0.00787402 0.00000000 0.00000000 0.00787402 0.00000000 0.00787402 0.00787402 0.00787402 0.00000000 0.14960630 0.18897638 0.11811024 0.14173228
0.14615385 0.00000000 0.24615385 0.00769231 0.00000000 0.00000000 0.00769231 0.00769231 0.00000000 0.00000000 0.00769231 0.00769231 0.00000000 0.01538462 0.00769231 0.00769231 0.00769231 0.13846154 0.16153846 0.10769231 0.12307692
0.21487603 0.12396694 0.00000000 0.12396694 0.00000000 0.00826446 0.00826446 0.00826446 0.00000000 0.00826446 0.00826446 0.00000000 0.00826446 0.00000000 0.00000000 0.00826446 0.01652893 0.00000000 0.10743802 0.14049587 0.21487603
0.00806452 0.00806452 0.10483871 0.00000000 0.17741935 0.13709677 0.18548387 0.16129032 0.14516129 0.00806452 0.00000000 0.00000000 0.00000000 0.00806452 0.00806452 0.00806452 0.00000000 0.00000000 0.01612903 0.00806452 0.01612903
0.00826446 0.01652893 0.01652893 0.19008264 0.00000000 0.13223140 0.15702479 0.14876033 0.15702479 0.11570248 0.00000000 0.00000000 0.00826446 0.00000000 0.01652893 0.00000000 0.00000000 0.00000000 0.00826446 0.00826446 0.01652893
0.00819672 0.00819672 0.00000000 0.18852459 0.17213115 0.00000000 0.10655738 0.12295082 0.16393443 0.19672131 0.00000000 0.00000000 0.00000000 0.00819672 0.00819672 0.00000000 0.00000000 0.00000000 0.00000000 0.01639344 0.00000000
0.00000000 0.00000000 0.00000000 0.12280702 0.24561404 0.14035088 0.00000000 0.11403509 0.19298246 0.11403509 0.00000000 0.00000000 0.00877193 0.00000000 0.00877193 0.00000000 0.00000000 0.01754386 0.00877193 0.01754386 0.00877193
0.00000000 0.00892857 0.00000000 0.16964286 0.13392857 0.14285714 0.10714286 0.00000000 0.18750000 0.17857143 0.01785714 0.00892857 0.00892857 0.00000000 0.00892857 0.00892857 0.00892857 0.00892857 0.00000000 0.00000000 0.00000000
0.00000000 0.00000000 0.00000000 0.18965517 0.10344828 0.16379310 0.18103448 0.15517241 0.00000000 0.12068966 0.00862069 0.00000000 0.01724138 0.00000000 0.00862069 0.01724138 0.01724138 0.00000000 0.01724138 0.00000000 0.00000000
0.00900901 0.01801802 0.00900901 0.00000000 0.17117117 0.22522523 0.15315315 0.15315315 0.08108108 0.00000000 0.14414414 0.00000000 0.00000000 0.00000000 0.00000000 0.00000000 0.00000000 0.00900901 0.00900901 0.00000000 0.01801802
0.01010101 0.00000000 0.01010101 0.01010101 0.00000000 0.02020202 0.00000000 0.00000000 0.01010101 0.15151515 0.00000000 0.20202020 0.09090909 0.15151515 0.16161616 0.16161616 0.01010101 0.01010101 0.00000000 0.00000000 0.00000000
0.00000000 0.00869565 0.00869565 0.00000000 0.00000000 0.00000000 0.00869565 0.01739130 0.00000000 0.00000000 0.14782609 0.00000000 0.11304348 0.14782609 0.13043478 0.20869565 0.17391304 0.00869565 0.00000000 0.01739130 0.00869565
0.01020408 0.00000000 0.02040816 0.00000000 0.02040816 0.00000000 0.00000000 0.00000000 0.02040816 0.01020408 0.15306122 0.14285714 0.00000000 0.19387755 0.12244898 0.13265306 0.14285714 0.00000000 0.01020408 0.01020408 0.01020408
0.00000000 0.00000000 0.00000000 0.00000000 0.00000000 0.00892857 0.01785714 0.00892857 0.00000000 0.02678571 0.12500000 0.10714286 0.23214286 0.00000000 0.10714286 0.19642857 0.16964286 0.00000000 0.00000000 0.00000000 0.00000000
0.00000000 0.00970874 0.01941748 0.00970874 0.00000000 0.00000000 0.00970874 0.00970874 0.00000000 0.00970874 0.14563107 0.15533981 0.15533981 0.13592233 0.00000000 0.12621359 0.17475728 0.00970874 0.00970874 0.00970874 0.00970874
0.00000000 0.00000000 0.00000000 0.00869565 0.00869565 0.00000000 0.00000000 0.01739130 0.00000000 0.00869565 0.12173913 0.20869565 0.14782609 0.23478261 0.14782609 0.00000000 0.08695652 0.00000000 0.00000000 0.00869565 0.00000000
0.00000000 0.00917431 0.01834862 0.00000000 0.00000000 0.01834862 0.00000000 0.00917431 0.00000000 0.00917431 0.00000000 0.22935780 0.08256881 0.10091743 0.19266055 0.16513761 0.00000000 0.14678899 0.00917431 0.00917431 0.00000000
0.14615385 0.16923077 0.00000000 0.00769231 0.00000000 0.00769231 0.00769231 0.01538462 0.00769231 0.00769231 0.00000000 0.00000000 0.00000000 0.00769231 0.00000000 0.00769231 0.13846154 0.00000000 0.22307692 0.14615385 0.10769231
0.17361111 0.15277778 0.15277778 0.00694444 0.00000000 0.00694444 0.00694444 0.00000000 0.00000000 0.00000000 0.00694444 0.00000000 0.00694444 0.00694444 0.00000000 0.00694444 0.00694444 0.17361111 0.00000000 0.10416667 0.18750000
0.13084112 0.22429907 0.06542056 0.00934579 0.00934579 0.00934579 0.00000000 0.00000000 0.00934579 0.00934579 0.00934579 0.00000000 0.00000000 0.00000000 0.00000000 0.00000000 0.00934579 0.18691589 0.17757009 0.00000000 0.14953271
0.14285714 0.07936508 0.15873016 0.00000000 0.00000000 0.01587302 0.00000000 0.00000000 0.00793651 0.00000000 0.00793651 0.00793651 0.00793651 0.01587302 0.00793651 0.00000000 0.00793651 0.19841270 0.22222222 0.11904762 0.00000000
