0.00000000 0.13000000 0.14000000 0.02000000 0.01000000 0.00000000 0.01000000 0.01000000 0.00000000 0.01000000 0.01000000 0.01000000 0.01000000 0.01000000 0.00000000 0.01000000 0.00000000 0.17000000 0.12000000 0.18000000 0.15000000
0.13829787 0.00000000 0.20212766 0.00000000 0.00000000 0.01063830 0.01063830 0.00000000 0.00000000 0.01063830 0.01063830 0.00000000 0.00000000 0.00000000 0.00000000 0.00000000 0.00000000 0.15957447 0.13829787 0.15957447 0.15957447
0.13600000 0.15200000 0.00000000 0.18400000 0.00000000 0.01600000 0.00800000 0.00800000 0.00800000 0.00000000 0.00000000 0.00000000 0.00000000 0.00000000 0.00800000 0.00000000 0.00000000 0.00000000 0.17600000 0.13600000 0.16800000
0.00000000 0.00632911 0.13291139 0.00000000 0.22151899 0.12658228 0.13291139 0.15189873 0.18354430 0.00000000 0.00000000 0.00632911 0.00000000 0.00000000 0.00632911 0.00632911 0.00632911 0.00632911 0.00000000 0.00632911 0.00632911
0.00000000 0.00684932 0.01369863 0.15753425 0.00000000 0.13013699 0.15068493 0.19178082 0.19863014 0.10273973 0.00684932 0.00000000 0.00000000 0.00684932 0.00000000 0.00684932 0.00684932 0.00000000 0.01369863 0.00684932 0.00000000
0.00699301 0.00000000 0.00000000 0.22377622 0.12587413 0.00000000 0.18181818 0.14685315 0.16083916 0.09790210 0.02097902 0.00699301 0.00000000 0.00000000 0.00000000 0.00699301 0.00699301 0.00699301 0.00000000 0.00000000 0.00699301
0.00000000 0.00000000 0.00000000 0.11920530 0.13907285 0.15231788 0.00000000 0.19205298 0.17218543 0.15894040 0.00000000 0.00662252 0.00000000 0.00662252 0.00662252 0.01324503 0.00662252 0.00000000 0.00662252 0.01324503 0.00662252
0.00000000 0.00000000 0.00617284 0.16049383 0.11111111 0.19753086 0.16049383 0.00000000 0.13580247 0.18518519 0.00000000 0.00000000 0.01234568 0.00000000 0.00617284 0.00000000 0.01234568 0.00617284 0.00617284 0.00000000 0.00000000
0.01315789 0.00000000 0.00000000 0.16447368 0.13157895 0.18421053 0.19736842 0.17105263 0.00000000 0.08552632 0.00000000 0.00000000 0.00657895 0.01315789 0.00657895 0.00657895 0.00657895 0.00657895 0.00657895 0.00000000 0.00000000
0.00000000 0.00000000 0.01680672 0.00000000 0.21008403 0.10924370 0.15966387 0.21848739 0.15126050 0.00000000 0.10924370 0.00840336 0.00000000 0.00000000 0.00840336 0.00000000 0.00000000 0.00840336 0.00000000 0.00000000 0.00000000
0.00000000 0.00000000 0.00000000 0.01250000 0.01250000 0.01250000 0.00000000 0.02500000 0.01250000 0.18750000 0.00000000 0.15000000 0.17500000 0.13750000 0.15000000 0.11250000 0.00000000 0.00000000 0.00000000 0.01250000 0.00000000
0.00000000 0.04444444 0.01111111 0.00000000 0.00000000 0.01111111 0.00000000 0.01111111 0.00000000 0.00000000 0.17777778 0.00000000 0.12222222 0.16666667 0.12222222 0.17777778 0.13333333 0.00000000 0.01111111 0.01111111 0.00000000
0.00000000 0.00000000 0.00892857 0.00892857 0.02678571 0.00000000 0.00000000 0.01785714 0.00000000 0.00000000 0.09821429 0.15178571 0.00000000 0.21428571 0.14285714 0.13392857 0.17857143 0.00892857 0.00000000 0.00892857 0.00000000
0.00000000 0.00000000 0.01010101 0.00000000 0.02020202 0.00000000 0.01010101 0.00000000 0.00000000 0.00000000 0.12121212 0.17171717 0.22222222 0.00000000 0.16161616 0.14141414 0.14141414 0.00000000 0.00000000 0.00000000 0.00000000
0.00000000 0.01075269 0.00000000 0.01075269 0.00000000 0.02150538 0.00000000 0.00000000 0.01075269 0.00000000 0.11827957 0.12903226 0.18279570 0.13978495 0.00000000 0.17204301 0.15053763 0.02150538 0.00000000 0.01075269 0.02150538
0.01052632 0.01052632 0.01052632 0.01052632 0.00000000 0.00000000 0.00000000 0.01052632 0.00000000 0.00000000 0.07368421 0.10526316 0.27368421 0.18947368 0.13684211 0.00000000 0.14736842 0.00000000 0.01052632 0.00000000 0.01052632
0.00000000 0.00990099 0.00990099 0.00000000 0.00000000 0.00000000 0.00990099 0.00990099 0.00990099 0.00990099 0.00990099 0.13861386 0.15841584 0.10891089 0.14851485 0.15841584 0.00000000 0.19801980 0.00000000 0.01980198 0.00000000
0.14150943 0.12264151 0.00000000 0.01886792 0.00943396 0.00000000 0.00943396 0.00000000 0.00000000 0.00943396 0.00943396 0.00943396 0.00943396 0.00000000 0.01886792 0.00000000 0.16037736 0.00000000 0.16981132 0.17924528 0.13207547
0.15740741 0.11111111 0.17592593 0.00925926 0.00000000 0.00000000 0.00925926 0.00000000 0.00925926 0.01851852 0.00925926 0.00925926 0.00000000 0.00925926 0.00925926 0.00000000 0.00000000 0.17592593 0.00000000 0.13888889 0.15740741
0.15789474 0.12280702 0.17543860 0.00877193 0.00877193 0.00000000 0.00000000 0.00000000 0.00000000 0.01754386 0.00877193 0.00000000 0.00877193 0.00877193 0.00000000 0.00000000 0.01754386 0.14035088 0.14912281 0.00000000 0.17543860
0.14814815 0.12962963 0.20370370 0.00925926 0.00000000 0.00925926 0.00000000 0.00000000 0.00000000 0.00000000 0.00000000 0.00925926 0.00000000 0.00000000 0.00925926 0.01851852 0.00925926 0.10185185 0.17592593 0.17592593 0.00000000
