0.00000000 0.18713450 0.18713450 0.00584795 0.00000000 0.00584795 0.01169591 0.00584795 0.00584795 0.00000000 0.01169591 0.00000000 0.00000000 0.00584795 0.00584795 0.00584795 0.00000000 0.12280702 0.16374269 0.16374269 0.11111111
0.18947368 0.00000000 0.19473684 0.00000000 0.00526316 0.00526316 0.00000000 0.00000000 0.00000000 0.00000000 0.00526316 0.00526316 0.01052632 0.00000000 0.00000000 0.01052632 0.00526316 0.12631579 0.16315789 0.12631579 0.15263158
0.12820513 0.19871795 0.00000000 0.10897436 0.00000000 0.00641026 0.00000000 0.00000000 0.00000000 0.00000000 0.00000000 0.00000000 0.00641026 0.01282051 0.00000000 0.00641026 0.00000000 0.00000000 0.17948718 0.17307692 0.17948718
0.00000000 0.00000000 0.18556701 0.00000000 0.11340206 0.15463918 0.20618557 0.12371134 0.13402062 0.01030928 0.01030928 0.00000000 0.00000000 0.00000000 0.01030928 0.00000000 0.01030928 0.03092784 0.01030928 0.00000000 0.00000000
0.01000000 0.02000000 0.01000000 0.16000000 0.00000000 0.15000000 0.17000000 0.15000000 0.14000000 0.15000000 0.00000000 0.00000000 0.01000000 0.01000000 0.01000000 0.00000000 0.00000000 0.00000000 0.00000000 0.01000000 0.00000000
0.00000000 0.00000000 0.00970874 0.11650485 0.14563107 0.00000000 0.14563107 0.22330097 0.08737864 0.17475728 0.00970874 0.00000000 0.00000000 0.00970874 0.00000000 0.00000000 0.00970874 0.01941748 0.00970874 0.01941748 0.01941748
0.00000000 0.02000000 0.00000000 0.13000000 0.19000000 0.10000000 0.00000000 0.18000000 0.14000000 0.15000000 0.00000000 0.01000000 0.00000000 0.02000000 0.01000000 0.01000000 0.00000000 0.00000000 0.02000000 0.00000000 0.02000000
0.00917431 0.00000000 0.01834862 0.12844037 0.16513761 0.22018349 0.07339450 0.00000000 0.20183486 0.12844037 0.00000000 0.00917431 0.00000000 0.00000000 0.00000000 0.01834862 0.00000000 0.00917431 0.00000000 0.01834862 0.00000000
0.00000000 0.01041667 0.00000000 0.15625000 0.14583333 0.12500000 0.16666667 0.16666667 0.00000000 0.16666667 0.00000000 0.00000000 0.00000000 0.00000000 0.02083333 0.01041667 0.00000000 0.01041667 0.01041667 0.01041667 0.00000000
0.01000000 0.00000000 0.01000000 0.00000000 0.16000000 0.19000000 0.15000000 0.16000000 0.15000000 0.00000000 0.13000000 0.01000000 0.00000000 0.01000000 0.00000000 0.00000000 0.01000000 0.00000000 0.01000000 0.00000000 0.00000000
0.01204819 0.01204819 0.00000000 0.00000000 0.01204819 0.00000000 0.02409639 0.02409639 0.00000000 0.15662651 0.00000000 0.15662651 0.12048193 0.15662651 0.07228916 0.20481928 0.03614458 0.01204819 0.00000000 0.00000000 0.00000000
0.01123596 0.00000000 0.00000000 0.00000000 0.00000000 0.01123596 0.02247191 0.00000000 0.00000000 0.02247191 0.16853933 0.00000000 0.12359551 0.21348315 0.15730337 0.07865169 0.14606742 0.02247191 0.02247191 0.00000000 0.00000000
0.01333333 0.01333333 0.00000000 0.05333333 0.01333333 0.00000000 0.00000000 0.00000000 0.01333333 0.00000000 0.16000000 0.10666667 0.00000000 0.12000000 0.18666667 0.10666667 0.18666667 0.00000000 0.00000000 0.00000000 0.02666667
0.01086957 0.01086957 0.00000000 0.01086957 0.01086957 0.01086957 0.00000000 0.03260870 0.00000000 0.00000000 0.14130435 0.17391304 0.15217391 0.00000000 0.16304348 0.19565217 0.06521739 0.00000000 0.00000000 0.00000000 0.02173913
0.00000000 0.00000000 0.01176471 0.01176471 0.00000000 0.00000000 0.01176471 0.02352941 0.01176471 0.01176471 0.10588235 0.17647059 0.15294118 0.16470588 0.00000000 0.09411765 0.20000000 0.00000000 0.01176471 0.01176471 0.00000000
0.00000000 0.00000000 0.01149425 0.00000000 0.00000000 0.02298851 0.01149425 0.00000000 0.00000000 0.02298851 0.13793103 0.10344828 0.09195402 0.14942529 0.16091954 0.00000000 0.25287356 0.01149425 0.00000000 0.00000000 0.02298851
0.00000000 0.00000000 0.01000000 0.01000000 0.01000000 0.00000000 0.00000000 0.01000000 0.03000000 0.00000000 0.00000000 0.20000000 0.09000000 0.13000000 0.12000000 0.20000000 0.00000000 0.18000000 0.01000000 0.00000000 0.00000000
0.14189189 0.27027027 0.00000000 0.00000000 0.00675676 0.00000000 0.00000000 0.00000000 0.02027027 0.00675676 0.00000000 0.00675676 0.01351351 0.00000000 0.00675676 0.00000000 0.13513514 0.00000000 0.11486486 0.15540541 0.12162162
0.19135802 0.17901235 0.12345679 0.00617284 0.00000000 0.00617284 0.00000000 0.00000000 0.00000000 0.00000000 0.01234568 0.00617284 0.00000000 0.00617284 0.00617284 0.00000000 0.00617284 0.13580247 0.00000000 0.16049383 0.16049383
0.20121951 0.17073171 0.13414634 0.00000000 0.00609756 0.00000000 0.00609756 0.00000000 0.00000000 0.00609756 0.00609756 0.00609756 0.02439024 0.00609756 0.00000000 0.00000000 0.00000000 0.15243902 0.16463415 0.00000000 0.11585366
0.15436242 0.15436242 0.12751678 0.00671141 0.00000000 0.00000000 0.00000000 0.00000000 0.00000000 0.00671141 0.00671141 0.00000000 0.00000000 0.00671141 0.01342282 0.00671141 0.00000000 0.18120805 0.14093960 0.19463087 0.00000000
