0.00000000 0.13043478 0.08695652 0.00000000 0.02173913 0.02173913 0.00000000 0.01086957 0.01086957 0.00000000 0.00000000 0.02173913 0.00000000 0.00000000 0.01086957 0.00000000 0.00000000 0.15217391 0.18478261 0.20652174 0.14130435
0.24418605 0.00000000 0.16279070 0.01162791 0.00000000 0.00000000 0.00000000 0.00000000 0.03488372 0.00000000 0.01162791 0.00000000 0.00000000 0.01162791 0.01162791 0.01162791 0.00000000 0.12790698 0.08139535 0.18604651 0.10465116
0.11688312 0.14285714 0.00000000 0.24675325 0.01298701 0.00000000 0.00000000 0.00000000 0.00000000 0.00000000 0.02597403 0.00000000 0.02597403 0.01298701 0.00000000 0.00000000 0.00000000 0.00000000 0.16883117 0.14285714 0.10389610
0.01052632 0.01052632 0.11578947 0.00000000 0.09473684 0.15789474 0.23157895 0.18947368 0.12631579 0.00000000 0.00000000 0.00000000 0.01052632 0.00000000 0.01052632 0.02105263 0.00000000 0.00000000 0.02105263 0.00000000 0.00000000
0.00000000 0.00000000 0.00000000 0.13043478 0.00000000 0.22826087 0.15217391 0.13043478 0.10869565 0.15217391 0.00000000 0.03260870 0.01086957 0.01086957 0.00000000 0.00000000 0.01086957 0.01086957 0.01086957 0.01086957 0.00000000
0.00000000 0.00884956 0.00000000 0.11504425 0.22123894 0.00000000 0.12389381 0.15929204 0.14159292 0.15044248 0.00000000 0.00884956 0.00000000 0.00000000 0.00884956 0.01769912 0.00884956 0.00000000 0.01769912 0.01769912 0.00000000
0.00934579 0.00000000 0.00934579 0.14018692 0.14018692 0.16822430 0.00000000 0.14018692 0.14018692 0.19626168 0.00000000 0.00000000 0.00934579 0.00934579 0.00934579 0.00934579 0.00000000 0.00000000 0.00000000 0.01869159 0.00000000
0.00990099 0.00000000 0.00000000 0.17821782 0.08910891 0.14851485 0.17821782 0.00000000 0.13861386 0.19801980 0.00990099 0.00000000 0.00000000 0.00000000 0.00000000 0.00000000 0.00990099 0.01980198 0.00990099 0.00000000 0.00990099
0.01063830 0.00000000 0.02127660 0.13829787 0.14893617 0.17021277 0.10638298 0.20212766 0.00000000 0.14893617 0.00000000 0.00000000 0.00000000 0.01063830 0.00000000 0.00000000 0.03191489 0.00000000 0.00000000 0.00000000 0.01063830
0.01834862 0.00917431 0.00917431 0.00000000 0.09174312 0.18348624 0.19266055 0.10091743 0.15596330 0.00000000 0.18348624 0.00000000 0.01834862 0.00000000 0.00917431 0.00917431 0.00000000 0.00000000 0.00000000 0.00917431 0.00917431
0.00000000 0.00000000 0.00000000 0.00000000 0.01265823 0.00000000 0.01265823 0.00000000 0.00632911 0.10759494 0.00000000 0.17088608 0.17088608 0.20886076 0.12025316 0.17088608 0.00632911 0.00000000 0.00632911 0.00000000 0.00632911
0.01204819 0.00000000 0.00602410 0.00000000 0.00000000 0.00000000 0.00602410 0.01204819 0.00000000 0.00000000 0.15662651 0.00602410 0.19879518 0.12048193 0.19277108 0.15060241 0.13253012 0.00602410 0.00000000 0.00000000 0.00000000
0.00000000 0.02127660 0.00000000 0.00531915 0.00000000 0.00000000 0.00000000 0.00531915 0.00531915 0.00000000 0.17021277 0.16489362 0.00000000 0.14893617 0.14893617 0.19680851 0.12234043 0.00000000 0.00000000 0.00531915 0.00531915
0.00000000 0.00621118 0.00621118 0.00000000 0.00621118 0.00000000 0.00000000 0.00000000 0.00000000 0.01242236 0.12422360 0.16770186 0.19875776 0.00000000 0.16770186 0.16770186 0.12422360 0.00621118 0.01242236 0.00000000 0.00000000
0.00000000 0.00641026 0.00000000 0.00000000 0.00000000 0.00000000 0.00000000 0.00641026 0.00000000 0.00000000 0.17307692 0.14102564 0.16025641 0.17948718 0.00000000 0.16666667 0.15384615 0.00641026 0.00000000 0.00641026 0.00000000
0.00000000 0.00000000 0.00000000 0.00598802 0.00000000 0.00598802 0.00598802 0.00598802 0.01197605 0.01197605 0.15568862 0.17964072 0.21556886 0.14371257 0.12574850 0.00000000 0.12574850 0.00598802 0.00000000 0.00000000 0.00000000
0.00000000 0.00740741 0.00000000 0.00740741 0.00000000 0.01481481 0.00000000 0.00000000 0.00000000 0.00740741 0.00740741 0.15555556 0.20000000 0.14814815 0.16296296 0.13333333 0.00000000 0.13333333 0.00000000 0.01481481 0.00740741
0.16279070 0.12790698 0.02325581 0.00000000 0.01162791 0.01162791 0.00000000 0.01162791 0.00000000 0.00000000 0.01162791 0.00000000 0.00000000 0.00000000 0.00000000 0.00000000 0.16279070 0.00000000 0.15116279 0.20930233 0.11627907
0.12121212 0.18181818 0.17171717 0.01010101 0.01010101 0.00000000 0.01010101 0.00000000 0.00000000 0.00000000 0.00000000 0.01010101 0.00000000 0.01010101 0.00000000 0.00000000 0.02020202 0.14141414 0.00000000 0.17171717 0.14141414
0.17821782 0.16831683 0.10891089 0.00990099 0.00990099 0.01980198 0.00990099 0.00000000 0.01980198 0.00000000 0.00990099 0.00000000 0.00990099 0.00000000 0.00000000 0.00000000 0.01980198 0.09900990 0.21782178 0.00000000 0.11881188
0.13698630 0.09589041 0.10958904 0.00000000 0.01369863 0.00000000 0.02739726 0.01369863 0.00000000 0.01369863 0.00000000 0.00000000 0.00000000 0.02739726 0.01369863 0.00000000 0.00000000 0.16438356 0.24657534 0.13698630 0.00000000
