0.00000000 0.19811321 0.16037736 0.00000000 0.00000000 0.01886792 0.00943396 0.01886792 0.00000000 0.00000000 0.00943396 0.00000000 0.00000000 0.00943396 0.00000000 0.01886792 0.00000000 0.16981132 0.08490566 0.13207547 0.16981132
0.16326531 0.00000000 0.11224490 0.00000000 0.01020408 0.00000000 0.01020408 0.00000000 0.00000000 0.01020408 0.00000000 0.03061224 0.01020408 0.00000000 0.00000000 0.00000000 0.01020408 0.16326531 0.18367347 0.13265306 0.16326531
0.12000000 0.14000000 0.00000000 0.15000000 0.01000000 0.00000000 0.02000000 0.01000000 0.01000000 0.00000000 0.01000000 0.00000000 0.01000000 0.00000000 0.01000000 0.01000000 0.00000000 0.00000000 0.17000000 0.17000000 0.16000000
0.00000000 0.00000000 0.14166667 0.00000000 0.15833333 0.20000000 0.11666667 0.15000000 0.17500000 0.01666667 0.00833333 0.00000000 0.00000000 0.01666667 0.00000000 0.00000000 0.00833333 0.00000000 0.00000000 0.00000000 0.00833333
0.00000000 0.00000000 0.00000000 0.13043478 0.00000000 0.15942029 0.16666667 0.18840580 0.12318841 0.17391304 0.00724638 0.00000000 0.00724638 0.00000000 0.00000000 0.01449275 0.00724638 0.02173913 0.00000000 0.00000000 0.00000000
0.01418440 0.00709220 0.00000000 0.13475177 0.21985816 0.00000000 0.16312057 0.11347518 0.13475177 0.17021277 0.00000000 0.00709220 0.00000000 0.00709220 0.00709220 0.00000000 0.00000000 0.00709220 0.00000000 0.01418440 0.00000000
0.00000000 0.00763359 0.00763359 0.19847328 0.19083969 0.16793893 0.00000000 0.13740458 0.15267176 0.09160305 0.00000000 0.00000000 0.00000000 0.00000000 0.00000000 0.01526718 0.00000000 0.00763359 0.00000000 0.01526718 0.00763359
0.00000000 0.00000000 0.00800000 0.13600000 0.17600000 0.10400000 0.17600000 0.00000000 0.17600000 0.15200000 0.00800000 0.00000000 0.00800000 0.00000000 0.00000000 0.00800000 0.00800000 0.00800000 0.03200000 0.00000000 0.00000000
0.02290076 0.00000000 0.00763359 0.13740458 0.12213740 0.19847328 0.13740458 0.12977099 0.00000000 0.21374046 0.00763359 0.00000000 0.00763359 0.00000000 0.00000000 0.00763359 0.00000000 0.00763359 0.00000000 0.00000000 0.00000000
0.00000000 0.00719424 0.00719424 0.00000000 0.12949640 0.19424460 0.15107914 0.13669065 0.15827338 0.00000000 0.16546763 0.02158273 0.00000000 0.00000000 0.00719424 0.00000000 0.00719424 0.00000000 0.00719424 0.00000000 0.00719424
0.00000000 0.00751880 0.00751880 0.00751880 0.00751880 0.01503759 0.00000000 0.00751880 0.00751880 0.18045113 0.00000000 0.16541353 0.12781955 0.14285714 0.18045113 0.12781955 0.00000000 0.00751880 0.00000000 0.00000000 0.00751880
0.00000000 0.00000000 0.00000000 0.00934579 0.00934579 0.00000000 0.01869159 0.00000000 0.01869159 0.00000000 0.15887850 0.00000000 0.13084112 0.10280374 0.22429907 0.17757009 0.13084112 0.00000000 0.00934579 0.00000000 0.00934579
0.00952381 0.00952381 0.00000000 0.00952381 0.00000000 0.00000000 0.00000000 0.00000000 0.01904762 0.00000000 0.17142857 0.10476190 0.00000000 0.12380952 0.20952381 0.19047619 0.10476190 0.00952381 0.02857143 0.00952381 0.00000000
0.00000000 0.00990099 0.01980198 0.00000000 0.00000000 0.00990099 0.00000000 0.01980198 0.00000000 0.01980198 0.16831683 0.13861386 0.11881188 0.00000000 0.13861386 0.13861386 0.20792079 0.00000000 0.00000000 0.00990099 0.00000000
0.02290076 0.00000000 0.00000000 0.00000000 0.00763359 0.00000000 0.00763359 0.00763359 0.00000000 0.00000000 0.23664122 0.13740458 0.14503817 0.13740458 0.00000000 0.13740458 0.15267176 0.00000000 0.00000000 0.00000000 0.00763359
0.00000000 0.00000000 0.00917431 0.00000000 0.00000000 0.00000000 0.01834862 0.00917431 0.00917431 0.00000000 0.17431193 0.14678899 0.15596330 0.16513761 0.18348624 0.00000000 0.09174312 0.00917431 0.00917431 0.01834862 0.00000000
0.00961538 0.00000000 0.00000000 0.01923077 0.00000000 0.00000000 0.00000000 0.00000000 0.00961538 0.00000000 0.00000000 0.17307692 0.17307692 0.12500000 0.20192308 0.09615385 0.00000000 0.18269231 0.00000000 0.00000000 0.00961538
0.14782609 0.12173913 0.00000000 0.00000000 0.00000000 0.00000000 0.00000000 0.00000000 0.00869565 0.00869565 0.00869565 0.00000000 0.00869565 0.01739130 0.00000000 0.00000000 0.19130435 0.00000000 0.13913043 0.15652174 0.19130435
0.21296296 0.11111111 0.17592593 0.00925926 0.00925926 0.00925926 0.00000000 0.01851852 0.00000000 0.00000000 0.00000000 0.00925926 0.00925926 0.01851852 0.00000000 0.00000000 0.00000000 0.12962963 0.00000000 0.17592593 0.11111111
0.09708738 0.11650485 0.14563107 0.00970874 0.00970874 0.00000000 0.00000000 0.00970874 0.00000000 0.01941748 0.00970874 0.00000000 0.00970874 0.00970874 0.00000000 0.00970874 0.00000000 0.18446602 0.17475728 0.00000000 0.19417476
0.16216216 0.17117117 0.11711712 0.00000000 0.00000000 0.00900901 0.00900901 0.00000000 0.00900901 0.00000000 0.00000000 0.00000000 0.00000000 0.00000000 0.02702703 0.00000000 0.00900901 0.17117117 0.18018018 0.13513514 0.00000000
