0.00000000 0.22950820 0.08196721 0.01639344 0.00819672 0.00000000 0.00819672 0.00000000 0.00000000 0.00819672 0.01639344 0.00819672 0.00000000 0.00000000 0.00000000 0.00819672 0.00000000 0.13934426 0.21311475 0.11475410 0.14754098
0.16058394 0.00000000 0.15328467 0.00000000 0.00000000 0.00000000 0.00000000 0.00000000 0.00729927 0.00729927 0.00729927 0.00000000 0.00729927 0.00000000 0.00000000 0.00729927 0.01459854 0.14598540 0.19708029 0.14598540 0.14598540
0.14285714 0.12380952 0.00000000 0.15238095 0.00952381 0.01904762 0.00000000 0.00000000 0.00952381 0.00952381 0.00000000 0.00952381 0.02857143 0.00000000 0.00000000 0.00000000 0.00000000 0.00000000 0.19047619 0.11428571 0.19047619
0.00000000 0.00990099 0.17821782 0.00000000 0.12871287 0.16831683 0.14851485 0.15841584 0.13861386 0.00000000 0.00000000 0.00990099 0.00000000 0.00000000 0.01980198 0.00000000 0.00990099 0.00990099 0.00000000 0.01980198 0.00000000
0.00000000 0.01162791 0.01162791 0.17441860 0.00000000 0.16279070 0.19767442 0.15116279 0.11627907 0.09302326 0.01162791 0.01162791 0.01162791 0.00000000 0.01162791 0.00000000 0.00000000 0.01162791 0.00000000 0.01162791 0.01162791
0.00000000 0.00000000 0.00952381 0.14285714 0.10476190 0.00000000 0.20000000 0.20000000 0.12380952 0.15238095 0.01904762 0.00000000 0.00000000 0.01904762 0.00952381 0.00952381 0.00000000 0.00000000 0.00000000 0.00000000 0.00952381
0.00943396 0.00943396 0.00000000 0.17924528 0.16981132 0.11320755 0.00000000 0.13207547 0.13207547 0.17924528 0.01886792 0.00000000 0.00000000 0.00943396 0.00943396 0.00000000 0.01886792 0.00000000 0.00000000 0.00000000 0.01886792
0.00000000 0.00000000 0.00000000 0.17204301 0.13978495 0.19354839 0.10752688 0.00000000 0.11827957 0.16129032 0.00000000 0.00000000 0.01075269 0.01075269 0.01075269 0.00000000 0.00000000 0.02150538 0.02150538 0.02150538 0.01075269
0.00000000 0.01136364 0.01136364 0.11363636 0.12500000 0.22727273 0.15909091 0.09090909 0.00000000 0.18181818 0.00000000 0.00000000 0.01136364 0.01136364 0.02272727 0.00000000 0.00000000 0.02272727 0.00000000 0.01136364 0.00000000
0.00990099 0.00990099 0.00000000 0.00990099 0.10891089 0.13861386 0.19801980 0.15841584 0.18811881 0.00000000 0.13861386 0.00000000 0.00000000 0.00000000 0.00000000 0.00000000 0.00000000 0.00000000 0.00990099 0.00990099 0.01980198
0.00000000 0.00000000 0.00787402 0.00787402 0.00000000 0.00787402 0.00787402 0.00787402 0.00000000 0.14173228 0.00000000 0.17322835 0.14960630 0.16535433 0.14960630 0.14173228 0.00000000 0.00000000 0.01574803 0.01574803 0.00787402
0.01492537 0.00000000 0.00000000 0.00746269 0.00000000 0.00000000 0.01492537 0.00746269 0.00746269 0.00000000 0.13432836 0.00000000 0.15671642 0.17910448 0.16417910 0.18656716 0.12686567 0.00000000 0.00000000 0.00000000 0.00000000
0.00763359 0.00763359 0.00763359 0.00763359 0.00763359 0.00000000 0.00763359 0.00763359 0.00000000 0.00763359 0.14503817 0.13740458 0.00000000 0.19847328 0.18320611 0.13740458 0.12977099 0.00763359 0.00000000 0.00000000 0.00000000
0.01351351 0.00000000 0.00675676 0.00000000 0.00675676 0.00000000 0.00675676 0.00000000 0.00000000 0.00000000 0.14864865 0.16216216 0.17567568 0.00000000 0.16891892 0.14189189 0.16216216 0.00675676 0.00000000 0.00000000 0.00000000
0.00000000 0.00000000 0.00740741 0.00000000 0.00000000 0.01481481 0.00740741 0.00000000 0.00740741 0.00740741 0.17777778 0.18518519 0.13333333 0.15555556 0.00000000 0.12592593 0.17777778 0.00000000 0.00000000 0.00000000 0.00000000
0.00000000 0.01587302 0.00793651 0.01587302 0.00000000 0.01587302 0.00000000 0.00000000 0.00000000 0.00793651 0.16666667 0.13492063 0.15873016 0.23015873 0.14285714 0.00000000 0.08730159 0.00793651 0.00793651 0.00000000 0.00000000
0.00000000 0.00000000 0.00869565 0.00000000 0.01739130 0.00000000 0.00000000 0.00000000 0.00869565 0.00000000 0.00869565 0.17391304 0.18260870 0.16521739 0.14782609 0.16521739 0.00000000 0.10434783 0.00869565 0.00869565 0.00000000
0.18421053 0.23684211 0.00877193 0.00000000 0.00877193 0.00877193 0.00877193 0.00000000 0.00000000 0.00000000 0.00000000 0.00000000 0.00000000 0.00877193 0.00000000 0.01754386 0.14035088 0.00000000 0.13157895 0.13157895 0.11403509
0.15492958 0.15492958 0.11267606 0.00704225 0.00704225 0.00000000 0.00000000 0.00000000 0.00000000 0.00704225 0.00000000 0.00704225 0.00000000 0.00704225 0.00000000 0.01408451 0.00704225 0.14788732 0.00000000 0.14788732 0.22535211
0.14678899 0.15596330 0.15596330 0.00000000 0.00000000 0.00917431 0.00000000 0.01834862 0.00917431 0.00000000 0.00000000 0.01834862 0.00000000 0.00000000 0.01834862 0.00917431 0.00000000 0.14678899 0.12844037 0.00000000 0.18348624
0.13740458 0.16793893 0.09923664 0.00763359 0.00763359 0.00763359 0.00763359 0.00000000 0.00763359 0.01526718 0.00000000 0.00763359 0.00000000 0.00763359 0.00000000 0.00000000 0.00000000 0.14503817 0.25190840 0.12977099 0.00000000
