0.00990099 0.14851485 0.15841584 0.00000000 0.00000000 0.00000000 0.00000000 0.00000000 0.00000000 0.00000000 0.00990099 0.00000000 0.01980198 0.00000000 0.00000000 0.00000000 0.01980198 0.09900990 0.15841584 0.22772277 0.14851485
0.19626168 0.00000000 0.12149533 0.00934579 0.00934579 0.00934579 0.00000000 0.00000000 0.00000000 0.02803738 0.01869159 0.00934579 0.00934579 0.00934579 0.00000000 0.00000000 0.00000000 0.18691589 0.14953271 0.14018692 0.10280374
0.17924528 0.12264151 0.00000000 0.16037736 0.00943396 0.00000000 0.00000000 0.01886792 0.00943396 0.00000000 0.01886792 0.00943396 0.00000000 0.00000000 0.00000000 0.00943396 0.00000000 0.00000000 0.16981132 0.17924528 0.11320755
0.00884956 0.00884956 0.20353982 0.00000000 0.07079646 0.22123894 0.15929204 0.15929204 0.12389381 0.00000000 0.00000000 0.00884956 0.00000000 0.00884956 0.00000000 0.00000000 0.00884956 0.00000000 0.00000000 0.00884956 0.00884956
0.00892857 0.00000000 0.00892857 0.13392857 0.00000000 0.16071429 0.13392857 0.15178571 0.16964286 0.16964286 0.00000000 0.00892857 0.00892857 0.00892857 0.00000000 0.00000000 0.00892857 0.00892857 0.00000000 0.00892857 0.00892857
0.00000000 0.01754386 0.00877193 0.14912281 0.20175439 0.00000000 0.14912281 0.14912281 0.11403509 0.14912281 0.00000000 0.00877193 0.00000000 0.00000000 0.00877193 0.01754386 0.00877193 0.00877193 0.00877193 0.00000000 0.00000000
0.00000000 0.00892857 0.00892857 0.18750000 0.13392857 0.14285714 0.00000000 0.17857143 0.14285714 0.14285714 0.00892857 0.00892857 0.00000000 0.00892857 0.00000000 0.00000000 0.00000000 0.00000000 0.00892857 0.00000000 0.01785714
0.00000000 0.00800000 0.00000000 0.16000000 0.17600000 0.12000000 0.16800000 0.00000000 0.15200000 0.16800000 0.00000000 0.00800000 0.00000000 0.00000000 0.00000000 0.00800000 0.02400000 0.00800000 0.00000000 0.00000000 0.00000000
0.00000000 0.00000000 0.00925926 0.14814815 0.14814815 0.10185185 0.13888889 0.15740741 0.00000000 0.23148148 0.00925926 0.00925926 0.00000000 0.00000000 0.00000000 0.01851852 0.00000000 0.00925926 0.00925926 0.00925926 0.00000000
0.00735294 0.00000000 0.00000000 0.00735294 0.12500000 0.15441176 0.11029412 0.20588235 0.13235294 0.00000000 0.19852941 0.00000000 0.00000000 0.00735294 0.00735294 0.00735294 0.00735294 0.02941176 0.00000000 0.00000000 0.00000000
0.00000000 0.00000000 0.00769231 0.00769231 0.01538462 0.00000000 0.00000000 0.00000000 0.00000000 0.23846154 0.00000000 0.11538462 0.15384615 0.12307692 0.15384615 0.15384615 0.00000000 0.00000000 0.00000000 0.00769231 0.02307692
0.01562500 0.00000000 0.00000000 0.00000000 0.00000000 0.00781250 0.00781250 0.00781250 0.00000000 0.00000000 0.22656250 0.00000000 0.16406250 0.14062500 0.10937500 0.12500000 0.17187500 0.00000000 0.00781250 0.00000000 0.01562500
0.00000000 0.00000000 0.00787402 0.00787402 0.00787402 0.00787402 0.00787402 0.00000000 0.00787402 0.00000000 0.11023622 0.12598425 0.00000000 0.14960630 0.17322835 0.24409449 0.14173228 0.00000000 0.00000000 0.00787402 0.00000000
0.01562500 0.00781250 0.00000000 0.00000000 0.01562500 0.00781250 0.00781250 0.00781250 0.00781250 0.00781250 0.12500000 0.20312500 0.14843750 0.00000000 0.17187500 0.12500000 0.14062500 0.00000000 0.00000000 0.00781250 0.00000000
0.00847458 0.00847458 0.00000000 0.00000000 0.00000000 0.00000000 0.01694915 0.00847458 0.00847458 0.00000000 0.11016949 0.14406780 0.20338983 0.15254237 0.00000000 0.17796610 0.15254237 0.00847458 0.00000000 0.00000000 0.00000000
0.01600000 0.00000000 0.00800000 0.00800000 0.00800000 0.00000000 0.00000000 0.00800000 0.00000000 0.00800000 0.16000000 0.20800000 0.14400000 0.12800000 0.12800000 0.00000000 0.15200000 0.00000000 0.01600000 0.00800000 0.00000000
0.00000000 0.00000000 0.00000000 0.00000000 0.00000000 0.01666667 0.00833333 0.00833333 0.00833333 0.00000000 0.01666667 0.15833333 0.15833333 0.25000000 0.13333333 0.10833333 0.00000000 0.11666667 0.00833333 0.00833333 0.00000000
0.09821429 0.14285714 0.00892857 0.00000000 0.00000000 0.00000000 0.00892857 0.00000000 0.00892857 0.00892857 0.00000000 0.00000000 0.01785714 0.02678571 0.00892857 0.00000000 0.12500000 0.00000000 0.18750000 0.19642857 0.16071429
0.12389381 0.17699115 0.11504425 0.00000000 0.00884956 0.00884956 0.02654867 0.00884956 0.00884956 0.00000000 0.00884956 0.00000000 0.00000000 0.00884956 0.00884956 0.00884956 0.00884956 0.14159292 0.00000000 0.15929204 0.17699115
0.08695652 0.17391304 0.15652174 0.00869565 0.01739130 0.00869565 0.00000000 0.00000000 0.00000000 0.00000000 0.00869565 0.00000000 0.00000000 0.01739130 0.01739130 0.00000000 0.00000000 0.16521739 0.15652174 0.00000000 0.18260870
0.15094340 0.15094340 0.14150943 0.00943396 0.00000000 0.00000000 0.00943396 0.00000000 0.01886792 0.00943396 0.00000000 0.00943396 0.00000000 0.00000000 0.00943396 0.00000000 0.00943396 0.22641509 0.16037736 0.09433962 0.00000000
