0.00000000 0.13043478 0.10144928 0.00000000 0.00724638 0.00000000 0.00000000 0.01449275 0.00724638 0.00724638 0.00000000 0.00000000 0.00724638 0.00724638 0.00000000 0.00724638 0.00000000 0.13043478 0.18115942 0.21739130 0.18115942
0.17968750 0.00000000 0.14843750 0.00000000 0.00781250 0.00781250 0.00000000 0.00000000 0.00000000 0.00000000 0.00000000 0.00781250 0.00781250 0.00781250 0.00000000 0.01562500 0.00781250 0.18750000 0.11718750 0.14843750 0.15625000
0.12605042 0.15966387 0.00000000 0.15966387 0.02521008 0.01680672 0.00840336 0.00000000 0.00000000 0.00000000 0.00840336 0.00000000 0.00840336 0.00000000 0.00000000 0.00000000 0.00000000 0.00000000 0.15126050 0.15966387 0.17647059
0.00000000 0.00000000 0.15596330 0.00000000 0.15596330 0.15596330 0.14678899 0.19266055 0.14678899 0.00000000 0.01834862 0.00000000 0.00000000 0.00917431 0.00000000 0.00000000 0.00917431 0.00000000 0.00000000 0.00000000 0.00917431
0.01562500 0.00000000 0.00781250 0.16406250 0.00000000 0.14843750 0.18750000 0.10156250 0.16406250 0.16406250 0.00000000 0.00000000 0.00781250 0.00000000 0.01562500 0.00000000 0.00000000 0.00000000 0.00000000 0.01562500 0.00781250
0.00000000 0.00934579 0.00000000 0.10280374 0.16822430 0.00000000 0.16822430 0.19626168 0.15887850 0.12149533 0.01869159 0.00934579 0.00934579 0.00000000 0.00934579 0.00000000 0.00934579 0.00000000 0.00000000 0.01869159 0.00000000
0.00806452 0.00000000 0.00806452 0.16129032 0.19354839 0.13709677 0.00000000 0.15322581 0.14516129 0.14516129 0.00000000 0.01612903 0.00000000 0.01612903 0.00000000 0.01612903 0.00000000 0.00000000 0.00000000 0.00000000 0.00000000
0.01785714 0.00000000 0.00000000 0.10714286 0.16071429 0.12500000 0.22321429 0.00000000 0.18750000 0.12500000 0.00000000 0.00892857 0.00000000 0.00892857 0.00892857 0.00000000 0.00000000 0.00000000 0.01785714 0.00892857 0.00000000
0.00000000 0.00869565 0.00000000 0.15652174 0.19130435 0.13043478 0.14782609 0.09565217 0.00000000 0.20000000 0.00869565 0.00000000 0.01739130 0.00869565 0.00000000 0.00869565 0.01739130 0.00869565 0.00000000 0.00000000 0.00000000
0.00917431 0.00000000 0.00917431 0.00917431 0.17431193 0.13761468 0.14678899 0.15596330 0.14678899 0.00000000 0.16513761 0.00000000 0.00917431 0.00000000 0.00000000 0.00000000 0.00000000 0.00917431 0.01834862 0.00000000 0.00917431
0.00000000 0.00000000 0.00000000 0.00000000 0.00000000 0.00900901 0.00000000 0.00900901 0.00900901 0.10810811 0.00000000 0.16216216 0.12612613 0.14414414 0.13513514 0.23423423 0.00000000 0.01801802 0.00900901 0.02702703 0.00900901
0.00000000 0.00000000 0.01886792 0.01886792 0.00943396 0.00000000 0.00943396 0.01886792 0.01886792 0.00000000 0.22641509 0.00000000 0.12264151 0.12264151 0.10377358 0.17924528 0.14150943 0.00000000 0.00000000 0.00000000 0.00943396
0.01923077 0.00000000 0.00961538 0.00961538 0.00000000 0.00961538 0.00961538 0.00961538 0.00000000 0.00961538 0.15384615 0.12500000 0.00000000 0.10576923 0.19230769 0.15384615 0.18269231 0.00000000 0.00000000 0.00000000 0.00961538
0.00000000 0.00000000 0.00000000 0.01010101 0.01010101 0.00000000 0.02020202 0.00000000 0.00000000 0.01010101 0.20202020 0.15151515 0.18181818 0.00000000 0.13131313 0.11111111 0.15151515 0.00000000 0.01010101 0.01010101 0.00000000
0.00000000 0.00000000 0.00000000 0.01098901 0.01098901 0.01098901 0.02197802 0.00000000 0.01098901 0.02197802 0.07692308 0.18681319 0.18681319 0.13186813 0.00000000 0.18681319 0.13186813 0.00000000 0.00000000 0.00000000 0.01098901
0.00000000 0.00000000 0.00000000 0.00000000 0.00000000 0.00909091 0.00000000 0.01818182 0.00000000 0.00000000 0.16363636 0.12727273 0.16363636 0.21818182 0.10000000 0.00000000 0.14545455 0.02727273 0.01818182 0.00000000 0.00909091
0.00000000 0.02000000 0.01000000 0.01000000 0.00000000 0.01000000 0.00000000 0.01000000 0.00000000 0.00000000 0.00000000 0.21000000 0.15000000 0.14000000 0.14000000 0.13000000 0.00000000 0.14000000 0.01000000 0.01000000 0.01000000
0.09600000 0.20000000 0.00800000 0.00000000 0.01600000 0.00800000 0.00000000 0.00000000 0.00000000 0.00800000 0.01600000 0.00000000 0.00000000 0.00000000 0.01600000 0.00000000 0.11200000 0.00000000 0.09600000 0.20800000 0.21600000
0.15555556 0.14814815 0.17037037 0.00000000 0.00000000 0.00000000 0.00000000 0.00740741 0.00000000 0.00740741 0.00000000 0.02222222 0.00000000 0.00000000 0.00000000 0.00000000 0.02222222 0.11111111 0.00000000 0.17777778 0.17777778
0.23287671 0.13698630 0.10958904 0.00000000 0.00000000 0.00684932 0.00684932 0.00000000 0.01369863 0.00000000 0.00000000 0.00000000 0.00684932 0.00000000 0.00684932 0.01369863 0.00684932 0.17808219 0.18493151 0.00000000 0.09589041
0.17857143 0.15714286 0.15714286 0.00714286 0.00000000 0.00000000 0.00000000 0.00000000 0.00000000 0.00000000 0.00000000 0.00000000 0.00000000 0.01428571 0.00000000 0.00000000 0.00000000 0.15000000 0.20714286 0.12857143 0.00000000
