0.00000000 0.13333333 0.13333333 0.01481481 0.00740741 0.00000000 0.01481481 0.00740741 0.01481481 0.00740741 0.00740741 0.00000000 0.00000000 0.00000000 0.00000000 0.00740741 0.00000000 0.13333333 0.19259259 0.16296296 0.16296296
0.12389381 0.00000000 0.09734513 0.00000000 0.00000000 0.01769912 0.01769912 0.00000000 0.01769912 0.00000000 0.00000000 0.00884956 0.00884956 0.00000000 0.00000000 0.00884956 0.00000000 0.15044248 0.23008850 0.17699115 0.14159292
0.14754098 0.12295082 0.00000000 0.21311475 0.00000000 0.00000000 0.00000000 0.00000000 0.00000000 0.01639344 0.00000000 0.00819672 0.00000000 0.01639344 0.00000000 0.00000000 0.00819672 0.00000000 0.20491803 0.13114754 0.13114754
0.01428571 0.00000000 0.12142857 0.00000000 0.13571429 0.19285714 0.11428571 0.20714286 0.17142857 0.00000000 0.00714286 0.00714286 0.00714286 0.00000000 0.00000000 0.00714286 0.00000000 0.00000000 0.00000000 0.00000000 0.01428571
0.00000000 0.00751880 0.00000000 0.14285714 0.00000000 0.18796992 0.16541353 0.15037594 0.15789474 0.13533835 0.00000000 0.00000000 0.00000000 0.02255639 0.00000000 0.00751880 0.00000000 0.00751880 0.00751880 0.00000000 0.00751880
0.00724638 0.00724638 0.00000000 0.11594203 0.17391304 0.00000000 0.19565217 0.17391304 0.14492754 0.13768116 0.00000000 0.00000000 0.00724638 0.00000000 0.00724638 0.00724638 0.00724638 0.00000000 0.00000000 0.00000000 0.01449275
0.00819672 0.00000000 0.00819672 0.19672131 0.13934426 0.14754098 0.00000000 0.13934426 0.12295082 0.16393443 0.01639344 0.01639344 0.00819672 0.00000000 0.00000000 0.00819672 0.00000000 0.00000000 0.01639344 0.00819672 0.00000000
0.00000000 0.02343750 0.00000000 0.21093750 0.19531250 0.14062500 0.13281250 0.00000000 0.10156250 0.13281250 0.00000000 0.00000000 0.01562500 0.00000000 0.00781250 0.00000000 0.01562500 0.00000000 0.00781250 0.01562500 0.00000000
0.00793651 0.00000000 0.00000000 0.16666667 0.12698413 0.16666667 0.14285714 0.11904762 0.00000000 0.19047619 0.00000000 0.00000000 0.00793651 0.01587302 0.00000000 0.00793651 0.02380952 0.02380952 0.00000000 0.00000000 0.00000000
0.00854701 0.00000000 0.00000000 0.00854701 0.19658120 0.15384615 0.11111111 0.11965812 0.19658120 0.00000000 0.14529915 0.00854701 0.00000000 0.00854701 0.02564103 0.00854701 0.00000000 0.00000000 0.00000000 0.00000000 0.00854701
0.00000000 0.02380952 0.00000000 0.00000000 0.00000000 0.00000000 0.02380952 0.00000000 0.00000000 0.11904762 0.00000000 0.17857143 0.19047619 0.15476190 0.14285714 0.13095238 0.01190476 0.02380952 0.00000000 0.00000000 0.00000000
0.02222222 0.00000000 0.02222222 0.01111111 0.00000000 0.01111111 0.00000000 0.01111111 0.00000000 0.00000000 0.16666667 0.00000000 0.11111111 0.06666667 0.11111111 0.20000000 0.24444444 0.01111111 0.01111111 0.00000000 0.00000000
0.00000000 0.02000000 0.01000000 0.01000000 0.00000000 0.01000000 0.01000000 0.01000000 0.01000000 0.02000000 0.12000000 0.13000000 0.00000000 0.18000000 0.14000000 0.14000000 0.19000000 0.00000000 0.00000000 0.00000000 0.00000000
0.01111111 0.00000000 0.00000000 0.01111111 0.01111111 0.01111111 0.02222222 0.01111111 0.01111111 0.00000000 0.13333333 0.11111111 0.20000000 0.00000000 0.11111111 0.17777778 0.14444444 0.01111111 0.01111111 0.00000000 0.01111111
0.01176471 0.00000000 0.01176471 0.00000000 0.01176471 0.01176471 0.00000000 0.01176471 0.01176471 0.01176471 0.11764706 0.11764706 0.22352941 0.17647059 0.00000000 0.14117647 0.10588235 0.00000000 0.01176471 0.01176471 0.01176471
0.00000000 0.00000000 0.00000000 0.00000000 0.00000000 0.00000000 0.00000000 0.01041667 0.01041667 0.00000000 0.10416667 0.18750000 0.12500000 0.13541667 0.18750000 0.00000000 0.20833333 0.02083333 0.00000000 0.01041667 0.00000000
0.00000000 0.00892857 0.00892857 0.00000000 0.02678571 0.00000000 0.00000000 0.00000000 0.00892857 0.01785714 0.00892857 0.15178571 0.13392857 0.15178571 0.12500000 0.14285714 0.00000000 0.21428571 0.00000000 0.00000000 0.00000000
0.20000000 0.16153846 0.00769231 0.00000000 0.00000000 0.00769231 0.00000000 0.01538462 0.00000000 0.00000000 0.00769231 0.00000000 0.00000000 0.00000000 0.00769231 0.00000000 0.16153846 0.00000000 0.15384615 0.11538462 0.16153846
0.18439716 0.09929078 0.20567376 0.00000000 0.01418440 0.00709220 0.00000000 0.00000000 0.00000000 0.00000000 0.00709220 0.00000000 0.00709220 0.00709220 0.00000000 0.00000000 0.00000000 0.14184397 0.00000000 0.15602837 0.17021277
0.16393443 0.13114754 0.21311475 0.00819672 0.00000000 0.00819672 0.00000000 0.00000000 0.00000000 0.00819672 0.00000000 0.00000000 0.00819672 0.00000000 0.00819672 0.00000000 0.00000000 0.17213115 0.07377049 0.00000000 0.20491803
0.15909091 0.14393939 0.10606061 0.00000000 0.00757576 0.00757576 0.00000000 0.00757576 0.00757576 0.00000000 0.00757576 0.00757576 0.00757576 0.00000000 0.00000000 0.00757576 0.00000000 0.15151515 0.21212121 0.16666667 0.00000000
