0.00000000 0.14130435 0.26086957 0.01086957 0.00000000 0.00000000 0.01086957 0.01086957 0.01086957 0.00000000 0.00000000 0.00000000 0.00000000 0.01086957 0.01086957 0.00000000 0.02173913 0.09782609 0.16304348 0.14130435 0.10869565
0.16483516 0.00000000 0.10989011 0.02197802 0.02197802 0.00000000 0.01098901 0.00000000 0.01098901 0.02197802 0.00000000 0.00000000 0.00000000 0.00000000 0.01098901 0.00000000 0.00000000 0.13186813 0.24175824 0.14285714 0.10989011
0.16190476 0.12380952 0.00000000 0.21904762 0.00000000 0.00000000 0.00952381 0.00000000 0.00952381 0.00000000 0.00000000 0.00000000 0.00000000 0.00000000 0.00000000 0.00000000 0.00000000 0.01904762 0.16190476 0.13333333 0.16190476
0.00000000 0.00000000 0.15517241 0.00000000 0.14655172 0.13793103 0.20689655 0.14655172 0.14655172 0.00000000 0.00862069 0.00862069 0.00000000 0.00862069 0.00000000 0.02586207 0.00862069 0.00000000 0.00000000 0.00000000 0.00000000
0.00961538 0.00961538 0.00961538 0.12500000 0.00000000 0.21153846 0.16346154 0.19230769 0.08653846 0.13461538 0.00000000 0.00000000 0.00000000 0.00000000 0.00961538 0.00961538 0.00000000 0.00961538 0.00961538 0.00961538 0.00961538
0.01639344 0.00000000 0.01639344 0.15573770 0.16393443 0.00000000 0.18852459 0.15573770 0.08196721 0.18032787 0.00000000 0.00000000 0.01639344 0.00000000 0.00819672 0.00000000 0.00000000 0.01639344 0.00000000 0.00000000 0.00000000
0.00000000 0.00869565 0.00000000 0.15652174 0.13913043 0.17391304 0.00000000 0.13043478 0.15652174 0.15652174 0.01739130 0.00869565 0.00869565 0.01739130 0.00000000 0.00000000 0.00869565 0.00869565 0.00000000 0.00869565 0.00000000
0.00000000 0.00000000 0.02912621 0.19417476 0.07766990 0.11650485 0.13592233 0.00000000 0.23300971 0.16504854 0.00000000 0.00000000 0.00000000 0.00970874 0.00970874 0.00000000 0.00000000 0.00000000 0.00970874 0.00970874 0.00970874
0.00000000 0.00925926 0.00000000 0.13888889 0.12962963 0.18518519 0.18518519 0.12962963 0.00000000 0.11111111 0.00000000 0.00925926 0.01851852 0.01851852 0.00925926 0.01851852 0.01851852 0.00925926 0.00000000 0.00925926 0.00000000
0.00000000 0.01801802 0.00000000 0.00000000 0.17117117 0.21621622 0.08108108 0.09009009 0.17117117 0.00000000 0.21621622 0.00900901 0.00900901 0.00000000 0.00000000 0.00000000 0.00000000 0.00000000 0.00000000 0.00900901 0.00900901
0.00729927 0.00000000 0.00729927 0.00000000 0.00729927 0.00729927 0.00000000 0.00729927 0.00729927 0.14598540 0.00000000 0.11678832 0.17518248 0.10948905 0.20437956 0.18248175 0.00729927 0.00000000 0.00729927 0.00000000 0.00729927
0.00704225 0.01408451 0.00000000 0.00000000 0.00000000 0.00000000 0.00000000 0.00000000 0.02112676 0.00000000 0.12676056 0.00000000 0.14788732 0.15492958 0.15492958 0.20422535 0.16197183 0.00000000 0.00704225 0.00000000 0.00000000
0.00000000 0.00735294 0.00735294 0.00000000 0.00735294 0.00000000 0.00735294 0.00000000 0.00000000 0.00000000 0.13235294 0.11764706 0.00000000 0.16911765 0.25000000 0.13970588 0.13235294 0.00000000 0.00735294 0.01470588 0.00735294
0.00000000 0.00000000 0.00000000 0.00709220 0.00000000 0.00709220 0.00000000 0.01418440 0.00000000 0.01418440 0.17021277 0.14184397 0.09929078 0.00000000 0.13475177 0.21985816 0.19148936 0.00000000 0.00000000 0.00000000 0.00000000
0.00000000 0.00000000 0.00000000 0.00645161 0.00000000 0.01290323 0.00000000 0.00645161 0.01290323 0.01290323 0.16129032 0.14193548 0.16774194 0.14193548 0.00000000 0.16774194 0.15483871 0.00000000 0.00645161 0.00000000 0.00645161
0.00613497 0.00000000 0.00000000 0.00000000 0.01226994 0.00613497 0.00000000 0.00613497 0.00000000 0.00000000 0.14110429 0.20858896 0.15950920 0.14723926 0.14110429 0.00000000 0.14723926 0.01226994 0.00613497 0.00613497 0.00000000
0.00699301 0.00000000 0.01398601 0.00699301 0.00000000 0.00699301 0.00000000 0.00000000 0.00699301 0.00000000 0.00000000 0.17482517 0.12587413 0.16783217 0.15384615 0.16783217 0.00000000 0.15384615 0.00699301 0.00699301 0.00000000
0.12000000 0.19000000 0.01000000 0.01000000 0.02000000 0.00000000 0.00000000 0.01000000 0.00000000 0.00000000 0.00000000 0.01000000 0.00000000 0.00000000 0.00000000 0.02000000 0.19000000 0.00000000 0.15000000 0.14000000 0.13000000
0.16190476 0.13333333 0.14285714 0.00000000 0.01904762 0.00000000 0.00952381 0.00000000 0.00000000 0.00000000 0.01904762 0.00952381 0.00000000 0.00952381 0.00952381 0.00000000 0.00952381 0.17142857 0.00000000 0.17142857 0.13333333
0.14285714 0.10989011 0.19780220 0.01098901 0.00000000 0.01098901 0.02197802 0.00000000 0.00000000 0.01098901 0.00000000 0.01098901 0.00000000 0.02197802 0.00000000 0.01098901 0.00000000 0.19780220 0.18681319 0.00000000 0.06593407
0.14473684 0.18421053 0.11842105 0.00000000 0.00000000 0.01315789 0.01315789 0.01315789 0.01315789 0.00000000 0.00000000 0.02631579 0.01315789 0.01315789 0.00000000 0.00000000 0.00000000 0.17105263 0.14473684 0.13157895 0.00000000
