0.00000000 0.12790698 0.19767442 0.01162791 0.03488372 0.00000000 0.00000000 0.01162791 0.00000000 0.01162791 0.00000000 0.01162791 0.00000000 0.01162791 0.00000000 0.00000000 0.00000000 0.18604651 0.10465116 0.15116279 0.13953488
0.14953271 0.00000000 0.16822430 0.00000000 0.00000000 0.01869159 0.00000000 0.01869159 0.00000000 0.00000000 0.00000000 0.00000000 0.00000000 0.00934579 0.00934579 0.00934579 0.00000000 0.17757009 0.14018692 0.12149533 0.17757009
0.09677419 0.16129032 0.00000000 0.19354839 0.00806452 0.00000000 0.00000000 0.00806452 0.00000000 0.00000000 0.00000000 0.00000000 0.00806452 0.00806452 0.01612903 0.00000000 0.00806452 0.00000000 0.15322581 0.20967742 0.12903226
0.00769231 0.00000000 0.20000000 0.00000000 0.13846154 0.15384615 0.14615385 0.15384615 0.11538462 0.01538462 0.00769231 0.01538462 0.00769231 0.00769231 0.00000000 0.00000000 0.00769231 0.00769231 0.00000000 0.00000000 0.01538462
0.00000000 0.00847458 0.00000000 0.19491525 0.00000000 0.13559322 0.11864407 0.13559322 0.18644068 0.14406780 0.00847458 0.00847458 0.00000000 0.00000000 0.00000000 0.00847458 0.00847458 0.00847458 0.01694915 0.00847458 0.00847458
0.00833333 0.00000000 0.00000000 0.11666667 0.10000000 0.00000000 0.24166667 0.18333333 0.14166667 0.15000000 0.00833333 0.00000000 0.00833333 0.00833333 0.00833333 0.00000000 0.00000000 0.00000000 0.00000000 0.00833333 0.01666667
0.01754386 0.00877193 0.00000000 0.19298246 0.15789474 0.17543860 0.00000000 0.12280702 0.16666667 0.09649123 0.00877193 0.00877193 0.00000000 0.01754386 0.00000000 0.00000000 0.00000000 0.00877193 0.00877193 0.00000000 0.00877193
0.00862069 0.00862069 0.00862069 0.14655172 0.18103448 0.14655172 0.11206897 0.00000000 0.13793103 0.18965517 0.01724138 0.00000000 0.01724138 0.00000000 0.00000000 0.00000000 0.01724138 0.00000000 0.00000000 0.00000000 0.00862069
0.00000000 0.00884956 0.01769912 0.19469027 0.14159292 0.14159292 0.14159292 0.14159292 0.00000000 0.17699115 0.00000000 0.00000000 0.00884956 0.00000000 0.00000000 0.00000000 0.00884956 0.00884956 0.00000000 0.00884956 0.00000000
0.00826446 0.00000000 0.00826446 0.00000000 0.19008264 0.19008264 0.11570248 0.14049587 0.12396694 0.00000000 0.15702479 0.00826446 0.01652893 0.00000000 0.00826446 0.00826446 0.00826446 0.00826446 0.00000000 0.00826446 0.00000000
0.00000000 0.00909091 0.00000000 0.00909091 0.00000000 0.00000000 0.00909091 0.00000000 0.00000000 0.20909091 0.00000000 0.19090909 0.12727273 0.16363636 0.13636364 0.12727273 0.00909091 0.00000000 0.00000000 0.00909091 0.00000000
0.00000000 0.00699301 0.00699301 0.00000000 0.00000000 0.00000000 0.00000000 0.02097902 0.01398601 0.00000000 0.13286713 0.00000000 0.14685315 0.18181818 0.11188811 0.19580420 0.16783217 0.00000000 0.01398601 0.00000000 0.00000000
0.00000000 0.00000000 0.00000000 0.00763359 0.00763359 0.01526718 0.01526718 0.00000000 0.00000000 0.00763359 0.15267176 0.20610687 0.00000000 0.17557252 0.15267176 0.13740458 0.12213740 0.00000000 0.00000000 0.00000000 0.00000000
0.00000000 0.00000000 0.00751880 0.00000000 0.00000000 0.00000000 0.00751880 0.00000000 0.00000000 0.01503759 0.07518797 0.15789474 0.21804511 0.00000000 0.19548872 0.12030075 0.18045113 0.00751880 0.00000000 0.00751880 0.00751880
0.00000000 0.00800000 0.00000000 0.00800000 0.00000000 0.00000000 0.00000000 0.00000000 0.00800000 0.01600000 0.16800000 0.13600000 0.16000000 0.15200000 0.00000000 0.12000000 0.20000000 0.01600000 0.00800000 0.00000000 0.00000000
0.00000000 0.00847458 0.00847458 0.00847458 0.00000000 0.01694915 0.00000000 0.00000000 0.00000000 0.00000000 0.09322034 0.21186441 0.14406780 0.12711864 0.19491525 0.00000000 0.15254237 0.01694915 0.00847458 0.00847458 0.00000000
0.00781250 0.01562500 0.00781250 0.00781250 0.01562500 0.00000000 0.00000000 0.00000000 0.02343750 0.00000000 0.00000000 0.18750000 0.16406250 0.18750000 0.14843750 0.15625000 0.00000000 0.07812500 0.00000000 0.00000000 0.00000000
0.11224490 0.18367347 0.00000000 0.00000000 0.01020408 0.00000000 0.01020408 0.01020408 0.00000000 0.00000000 0.01020408 0.00000000 0.01020408 0.01020408 0.00000000 0.02040816 0.12244898 0.00000000 0.20408163 0.13265306 0.16326531
0.15929204 0.13274336 0.23893805 0.00000000 0.00000000 0.00884956 0.00884956 0.00884956 0.00884956 0.00884956 0.00884956 0.00000000 0.00000000 0.00000000 0.00000000 0.01769912 0.00000000 0.15044248 0.00000000 0.15044248 0.09734513
0.10377358 0.13207547 0.14150943 0.00943396 0.00943396 0.00943396 0.01886792 0.00943396 0.01886792 0.00000000 0.00000000 0.00943396 0.00000000 0.00000000 0.00000000 0.00000000 0.00943396 0.14150943 0.19811321 0.00000000 0.18867925
0.11764706 0.18627451 0.12745098 0.00980392 0.00980392 0.00000000 0.00980392 0.00980392 0.00000000 0.00980392 0.01960784 0.00000000 0.00000000 0.00000000 0.00980392 0.00000000 0.00000000 0.10784314 0.21568627 0.16666667 0.00000000
