0.00000000 0.14545455 0.17272727 0.00000000 0.00909091 0.01818182 0.00909091 0.00000000 0.00909091 0.00000000 0.00909091 0.00909091 0.00000000 0.00909091 0.00000000 0.00000000 0.00909091 0.18181818 0.17272727 0.17272727 0.07272727
0.18446602 0.00000000 0.14563107 0.00000000 0.00000000 0.00000000 0.00000000 0.00000000 0.00000000 0.00000000 0.02912621 0.00970874 0.00000000 0.00000000 0.00970874 0.00000000 0.00970874 0.15533981 0.11650485 0.12621359 0.21359223
0.17647059 0.11764706 0.00000000 0.13725490 0.00980392 0.00000000 0.00980392 0.01960784 0.00980392 0.00980392 0.01960784 0.00000000 0.00000000 0.00000000 0.00000000 0.00980392 0.00000000 0.00000000 0.13725490 0.21568627 0.12745098
0.00000000 0.01574803 0.11023622 0.00000000 0.14173228 0.13385827 0.19685039 0.15748031 0.17322835 0.00000000 0.00000000 0.00787402 0.00787402 0.00787402 0.00787402 0.00000000 0.00000000 0.00000000 0.01574803 0.00787402 0.01574803
0.00000000 0.01438849 0.00000000 0.12949640 0.00000000 0.18705036 0.15107914 0.15107914 0.19424460 0.12949640 0.00000000 0.00000000 0.01438849 0.00000000 0.01438849 0.00000000 0.00719424 0.00000000 0.00000000 0.00719424 0.00000000
0.00729927 0.00729927 0.00729927 0.12408759 0.17518248 0.00000000 0.21897810 0.12408759 0.14598540 0.15328467 0.00000000 0.00000000 0.00729927 0.01459854 0.01459854 0.00000000 0.00000000 0.00000000 0.00000000 0.00000000 0.00000000
0.01369863 0.00000000 0.01369863 0.20547945 0.15068493 0.14383562 0.00000000 0.15753425 0.17123288 0.10958904 0.00000000 0.00000000 0.00000000 0.00684932 0.00000000 0.00000000 0.00684932 0.00684932 0.00000000 0.00000000 0.01369863
0.00813008 0.00000000 0.00000000 0.14634146 0.14634146 0.14634146 0.18699187 0.00000000 0.14634146 0.16260163 0.00000000 0.00813008 0.02439024 0.00813008 0.00000000 0.01626016 0.00000000 0.00000000 0.00000000 0.00000000 0.00000000
0.00000000 0.00714286 0.01428571 0.17142857 0.22142857 0.19285714 0.12857143 0.10714286 0.00000000 0.12142857 0.00000000 0.00000000 0.00000000 0.00000000 0.00000000 0.00714286 0.00000000 0.00000000 0.00000000 0.02142857 0.00714286
0.00840336 0.00840336 0.00000000 0.00000000 0.15966387 0.14285714 0.15966387 0.15126050 0.16806723 0.00000000 0.14285714 0.00000000 0.01680672 0.00840336 0.00000000 0.00840336 0.00000000 0.00840336 0.00840336 0.00840336 0.00000000
0.00000000 0.00000000 0.01869159 0.00000000 0.00000000 0.00934579 0.00000000 0.00000000 0.00934579 0.17757009 0.00000000 0.16822430 0.11214953 0.16822430 0.13084112 0.15887850 0.02803738 0.00000000 0.00000000 0.01869159 0.00000000
0.00000000 0.00000000 0.00000000 0.00900901 0.02702703 0.00000000 0.00000000 0.00000000 0.00000000 0.00900901 0.20720721 0.00000000 0.17117117 0.12612613 0.12612613 0.17117117 0.10810811 0.00000000 0.01801802 0.00900901 0.01801802
0.01030928 0.00000000 0.00000000 0.00000000 0.00000000 0.00000000 0.00000000 0.01030928 0.01030928 0.02061856 0.19587629 0.16494845 0.00000000 0.15463918 0.13402062 0.15463918 0.11340206 0.01030928 0.00000000 0.00000000 0.02061856
0.00000000 0.00000000 0.00000000 0.01785714 0.00892857 0.00000000 0.00892857 0.00892857 0.00000000 0.00892857 0.08035714 0.21428571 0.10714286 0.00000000 0.16964286 0.14285714 0.21428571 0.00000000 0.00892857 0.00000000 0.00892857
0.00000000 0.00000000 0.00000000 0.00892857 0.00000000 0.00892857 0.00000000 0.00892857 0.00892857 0.00892857 0.09821429 0.07142857 0.20535714 0.15178571 0.00000000 0.25000000 0.16071429 0.00000000 0.00892857 0.00892857 0.00000000
0.01666667 0.00833333 0.01666667 0.00000000 0.00000000 0.00000000 0.00833333 0.00833333 0.00000000 0.00000000 0.17500000 0.12500000 0.11666667 0.22500000 0.18333333 0.00000000 0.09166667 0.01666667 0.00833333 0.00000000 0.00000000
0.01923077 0.01923077 0.00000000 0.00000000 0.00961538 0.00961538 0.00961538 0.00961538 0.00000000 0.00000000 0.00000000 0.20192308 0.06730769 0.11538462 0.19230769 0.15384615 0.00000000 0.19230769 0.00000000 0.00000000 0.00000000
0.13445378 0.12605042 0.00000000 0.00840336 0.00000000 0.00840336 0.00000000 0.00000000 0.00840336 0.00840336 0.00000000 0.00000000 0.00000000 0.00000000 0.01680672 0.00840336 0.15966387 0.00000000 0.11764706 0.19327731 0.21008403
0.12745098 0.18627451 0.13725490 0.00980392 0.00000000 0.00980392 0.00980392 0.00000000 0.00000000 0.00980392 0.00980392 0.00980392 0.00000000 0.00000000 0.00980392 0.01960784 0.00980392 0.16666667 0.00000000 0.14705882 0.13725490
0.13333333 0.15833333 0.13333333 0.00000000 0.00000000 0.00833333 0.03333333 0.00833333 0.00000000 0.00000000 0.00000000 0.00833333 0.00833333 0.00833333 0.00000000 0.00000000 0.00833333 0.21666667 0.15833333 0.00000000 0.11666667
0.17924528 0.11320755 0.14150943 0.00000000 0.00000000 0.02830189 0.00000000 0.00000000 0.01886792 0.00000000 0.00000000 0.02830189 0.00000000 0.00943396 0.00943396 0.00943396 0.00000000 0.14150943 0.15094340 0.16981132 0.00000000
