0.00000000 0.14569536 0.17880795 0.00662252 0.00000000 0.00662252 0.00000000 0.00000000 0.01324503 0.00662252 0.00000000 0.00000000 0.00000000 0.01324503 0.00662252 0.00000000 0.00000000 0.16556291 0.17880795 0.13907285 0.13907285
0.17197452 0.00000000 0.19108280 0.00636943 0.00000000 0.00636943 0.00000000 0.00000000 0.00000000 0.00000000 0.00636943 0.00000000 0.00636943 0.00000000 0.00000000 0.00000000 0.00636943 0.16560510 0.15923567 0.14649682 0.13375796
0.14838710 0.18064516 0.00000000 0.14838710 0.00645161 0.00645161 0.00000000 0.00000000 0.00000000 0.00000000 0.01290323 0.00645161 0.00000000 0.00000000 0.01935484 0.00645161 0.00000000 0.00000000 0.11612903 0.18709677 0.16129032
0.00000000 0.00000000 0.20183486 0.00000000 0.11926606 0.19266055 0.12844037 0.14678899 0.13761468 0.00917431 0.00000000 0.01834862 0.00000000 0.00000000 0.00000000 0.00000000 0.00917431 0.00000000 0.00000000 0.01834862 0.01834862
0.02000000 0.00000000 0.00000000 0.16000000 0.00000000 0.14000000 0.18000000 0.19000000 0.12000000 0.14000000 0.01000000 0.00000000 0.00000000 0.00000000 0.01000000 0.00000000 0.00000000 0.00000000 0.02000000 0.00000000 0.01000000
0.00781250 0.00000000 0.00781250 0.16406250 0.16406250 0.00000000 0.17187500 0.13281250 0.14843750 0.17187500 0.00000000 0.00781250 0.00781250 0.00000000 0.00000000 0.00000000 0.01562500 0.00000000 0.00000000 0.00000000 0.00000000
0.00000000 0.00000000 0.00000000 0.07758621 0.16379310 0.18965517 0.00000000 0.17241379 0.12931034 0.19827586 0.00000000 0.00862069 0.00862069 0.00000000 0.00862069 0.00862069 0.00862069 0.00862069 0.00000000 0.01724138 0.00000000
0.00000000 0.01666667 0.00000000 0.15833333 0.11666667 0.22500000 0.12500000 0.00000000 0.15833333 0.15833333 0.00000000 0.00000000 0.00833333 0.00833333 0.00833333 0.00833333 0.00833333 0.00000000 0.00000000 0.00000000 0.00000000
0.00000000 0.00952381 0.01904762 0.12380952 0.11428571 0.16190476 0.15238095 0.17142857 0.00000000 0.20952381 0.00952381 0.00000000 0.00000000 0.00000000 0.00000000 0.00952381 0.00952381 0.00000000 0.00952381 0.00000000 0.00000000
0.00826446 0.00826446 0.00826446 0.00000000 0.11570248 0.16528926 0.18181818 0.17355372 0.16528926 0.00000000 0.11570248 0.00000000 0.00826446 0.00826446 0.00000000 0.02479339 0.00000000 0.00000000 0.01652893 0.00000000 0.00000000
0.01086957 0.01086957 0.01086957 0.01086957 0.01086957 0.00000000 0.00000000 0.00000000 0.02173913 0.14130435 0.00000000 0.14130435 0.14130435 0.14130435 0.18478261 0.14130435 0.00000000 0.01086957 0.01086957 0.01086957 0.00000000
0.00000000 0.00000000 0.00000000 0.00000000 0.00000000 0.00000000 0.01123596 0.02247191 0.00000000 0.00000000 0.14606742 0.00000000 0.15730337 0.15730337 0.11235955 0.20224719 0.14606742 0.03370787 0.00000000 0.01123596 0.00000000
0.01369863 0.02739726 0.00000000 0.01369863 0.00000000 0.00000000 0.00000000 0.01369863 0.00000000 0.01369863 0.16438356 0.12328767 0.00000000 0.19178082 0.15068493 0.16438356 0.09589041 0.01369863 0.00000000 0.00000000 0.01369863
0.01162791 0.00000000 0.01162791 0.00000000 0.01162791 0.03488372 0.00000000 0.01162791 0.00000000 0.00000000 0.16279070 0.10465116 0.06976744 0.00000000 0.15116279 0.23255814 0.17441860 0.00000000 0.01162791 0.00000000 0.01162791
0.03125000 0.00000000 0.00000000 0.00000000 0.00000000 0.00000000 0.00000000 0.00000000 0.00000000 0.00000000 0.17708333 0.14583333 0.11458333 0.09375000 0.00000000 0.21875000 0.16666667 0.01041667 0.01041667 0.01041667 0.02083333
0.00000000 0.00000000 0.00000000 0.00961538 0.00000000 0.00000000 0.00000000 0.00961538 0.00000000 0.00961538 0.12500000 0.23076923 0.10576923 0.15384615 0.16346154 0.00000000 0.15384615 0.02884615 0.00000000 0.00961538 0.00000000
0.00000000 0.02352941 0.01176471 0.00000000 0.00000000 0.01176471 0.01176471 0.00000000 0.01176471 0.01176471 0.00000000 0.14117647 0.12941176 0.16470588 0.21176471 0.12941176 0.00000000 0.12941176 0.00000000 0.00000000 0.01176471
0.16129032 0.18548387 0.01612903 0.00806452 0.00000000 0.00000000 0.01612903 0.01612903 0.00000000 0.00000000 0.00000000 0.00000000 0.00806452 0.00000000 0.01612903 0.00806452 0.07258065 0.00000000 0.17741935 0.12903226 0.18548387
0.20666667 0.15333333 0.13333333 0.00000000 0.00000000 0.00000000 0.02000000 0.00000000 0.00000000 0.00666667 0.00666667 0.00666667 0.00666667 0.00666667 0.00666667 0.00666667 0.00666667 0.10666667 0.00000000 0.14000000 0.18666667
0.09655172 0.17241379 0.17931034 0.00689655 0.00000000 0.00000000 0.01379310 0.00000000 0.00000000 0.00689655 0.01379310 0.01379310 0.00000000 0.00000000 0.00000000 0.00000000 0.00689655 0.13793103 0.18620690 0.00000000 0.16551724
0.17333333 0.18000000 0.14000000 0.00666667 0.02666667 0.00000000 0.00000000 0.01333333 0.00666667 0.00000000 0.00666667 0.00000000 0.00000000 0.00666667 0.00000000 0.00000000 0.00000000 0.10666667 0.15333333 0.18000000 0.00000000
