0.00000000 0.12418301 0.16993464 0.00000000 0.00000000 0.00653595 0.00653595 0.00000000 0.01307190 0.00653595 0.00000000 0.00000000 0.00000000 0.01307190 0.00000000 0.00653595 0.00000000 0.15686275 0.23529412 0.12418301 0.13725490
0.16774194 0.00000000 0.16129032 0.00645161 0.01290323 0.01290323 0.00645161 0.00000000 0.00645161 0.00000000 0.00000000 0.01290323 0.00645161 0.01290323 0.00000000 0.00000000 0.00000000 0.19354839 0.16129032 0.10322581 0.13548387
0.17532468 0.14935065 0.00000000 0.15584416 0.00649351 0.00000000 0.00000000 0.00649351 0.00649351 0.00000000 0.00649351 0.00000000 0.00000000 0.00000000 0.00649351 0.00649351 0.00649351 0.00000000 0.15584416 0.14285714 0.17532468
0.00826446 0.00826446 0.23966942 0.00000000 0.15702479 0.10743802 0.09090909 0.21487603 0.13223140 0.00826446 0.01652893 0.00000000 0.00000000 0.00000000 0.00000000 0.00000000 0.00000000 0.00826446 0.00000000 0.00000000 0.00826446
0.00000000 0.00000000 0.01000000 0.14000000 0.00000000 0.19000000 0.20000000 0.11000000 0.19000000 0.11000000 0.00000000 0.04000000 0.00000000 0.00000000 0.01000000 0.00000000 0.00000000 0.00000000 0.00000000 0.00000000 0.00000000
0.00000000 0.00892857 0.00892857 0.16964286 0.08928571 0.00000000 0.16071429 0.16964286 0.21428571 0.10714286 0.00000000 0.00892857 0.00000000 0.00892857 0.00892857 0.00000000 0.00000000 0.01785714 0.00892857 0.00892857 0.00892857
0.01886792 0.01886792 0.00943396 0.16037736 0.17924528 0.16037736 0.00000000 0.12264151 0.11320755 0.16037736 0.00943396 0.00000000 0.00943396 0.00000000 0.00943396 0.00000000 0.00000000 0.00000000 0.00943396 0.00000000 0.01886792
0.00000000 0.00000000 0.00000000 0.18000000 0.20000000 0.15000000 0.15000000 0.00000000 0.13000000 0.12000000 0.01000000 0.02000000 0.00000000 0.00000000 0.01000000 0.00000000 0.00000000 0.01000000 0.00000000 0.02000000 0.00000000
0.00000000 0.00000000 0.02631579 0.16666667 0.10526316 0.18421053 0.14912281 0.14912281 0.00000000 0.15789474 0.00000000 0.00000000 0.00877193 0.00877193 0.00000000 0.02631579 0.00000000 0.00000000 0.00877193 0.00877193 0.00000000
0.00000000 0.00000000 0.01075269 0.00000000 0.10752688 0.20430108 0.17204301 0.06451613 0.23655914 0.00000000 0.12903226 0.00000000 0.02150538 0.00000000 0.00000000 0.01075269 0.01075269 0.01075269 0.02150538 0.00000000 0.00000000
0.00990099 0.00000000 0.00990099 0.00000000 0.00000000 0.00990099 0.00000000 0.00000000 0.00000000 0.14851485 0.00000000 0.15841584 0.13861386 0.15841584 0.21782178 0.09900990 0.02970297 0.00000000 0.00990099 0.00990099 0.00000000
0.03260870 0.00000000 0.00000000 0.01086957 0.00000000 0.00000000 0.02173913 0.01086957 0.01086957 0.00000000 0.21739130 0.00000000 0.11956522 0.15217391 0.13043478 0.10869565 0.16304348 0.01086957 0.00000000 0.01086957 0.00000000
0.01063830 0.02127660 0.01063830 0.01063830 0.01063830 0.01063830 0.00000000 0.01063830 0.00000000 0.01063830 0.20212766 0.08510638 0.00000000 0.17021277 0.20212766 0.13829787 0.09574468 0.00000000 0.00000000 0.00000000 0.01063830
0.00000000 0.00000000 0.00000000 0.01834862 0.01834862 0.00000000 0.00917431 0.00000000 0.00000000 0.00000000 0.13761468 0.16513761 0.17431193 0.00000000 0.11926606 0.17431193 0.13761468 0.00917431 0.00917431 0.00917431 0.01834862
0.00000000 0.01960784 0.00000000 0.00000000 0.00000000 0.00000000 0.00000000 0.00000000 0.00000000 0.00000000 0.16666667 0.18627451 0.10784314 0.21568627 0.00000000 0.08823529 0.15686275 0.02941176 0.00980392 0.00000000 0.01960784
0.00000000 0.01219512 0.00000000 0.00000000 0.00000000 0.00000000 0.00000000 0.02439024 0.01219512 0.00000000 0.13414634 0.12195122 0.14634146 0.18292683 0.19512195 0.00000000 0.14634146 0.01219512 0.01219512 0.00000000 0.00000000
0.00000000 0.01030928 0.00000000 0.00000000 0.00000000 0.01030928 0.01030928 0.00000000 0.01030928 0.01030928 0.00000000 0.12371134 0.17525773 0.20618557 0.13402062 0.11340206 0.00000000 0.17525773 0.01030928 0.01030928 0.00000000
0.14598540 0.18978102 0.00000000 0.00729927 0.00729927 0.00000000 0.00729927 0.01459854 0.00000000 0.00729927 0.00729927 0.00000000 0.01459854 0.00000000 0.00729927 0.00729927 0.15328467 0.00000000 0.13868613 0.11678832 0.17518248
0.19745223 0.16560510 0.15286624 0.00636943 0.00636943 0.00636943 0.00636943 0.00000000 0.00000000 0.00000000 0.00000000 0.00000000 0.00636943 0.00000000 0.00636943 0.00000000 0.00636943 0.11464968 0.00000000 0.19108280 0.13375796
0.16788321 0.17518248 0.14598540 0.01459854 0.00729927 0.00729927 0.00729927 0.00000000 0.00729927 0.00729927 0.00000000 0.00000000 0.00000000 0.00000000 0.00000000 0.00729927 0.02189781 0.13138686 0.17518248 0.00000000 0.12408759
0.12857143 0.18571429 0.15000000 0.00714286 0.00714286 0.00000000 0.00000000 0.00714286 0.00000000 0.01428571 0.00714286 0.00000000 0.01428571 0.00000000 0.00714286 0.01428571 0.00000000 0.13571429 0.13571429 0.18571429 0.00000000
