0.00000000 0.12686567 0.12686567 0.00000000 0.00746269 0.01492537 0.00746269 0.00746269 0.00746269 0.01492537 0.00000000 0.00000000 0.00746269 0.00746269 0.00000000 0.00000000 0.00000000 0.19402985 0.16417910 0.14179104 0.17164179
0.16129032 0.00000000 0.09677419 0.00806452 0.00806452 0.00000000 0.00000000 0.00000000 0.00806452 0.00000000 0.00000000 0.00806452 0.00000000 0.00000000 0.01612903 0.00806452 0.00806452 0.16935484 0.19354839 0.12096774 0.19354839
0.11304348 0.18260870 0.00000000 0.14782609 0.00869565 0.00000000 0.00869565 0.01739130 0.00000000 0.00000000 0.00000000 0.00869565 0.00869565 0.00869565 0.00000000 0.00000000 0.00000000 0.00869565 0.10434783 0.21739130 0.16521739
0.00689655 0.00000000 0.14482759 0.00000000 0.10344828 0.20000000 0.17931034 0.17241379 0.15172414 0.00000000 0.01379310 0.00000000 0.00000000 0.00000000 0.00689655 0.00000000 0.00000000 0.00689655 0.00689655 0.00000000 0.00689655
0.00000000 0.00775194 0.00775194 0.13178295 0.00000000 0.15503876 0.18604651 0.08527132 0.21705426 0.17829457 0.00775194 0.00000000 0.00000000 0.00775194 0.00000000 0.00000000 0.00775194 0.00000000 0.00000000 0.00000000 0.00775194
0.00000000 0.00000000 0.00000000 0.19463087 0.12751678 0.00000000 0.12751678 0.16107383 0.18791946 0.14093960 0.00000000 0.00000000 0.01342282 0.00000000 0.00671141 0.00000000 0.01342282 0.00000000 0.00671141 0.01342282 0.00671141
0.00000000 0.00000000 0.00000000 0.18939394 0.16666667 0.16666667 0.00000000 0.09090909 0.14393939 0.17424242 0.00000000 0.00000000 0.02272727 0.00000000 0.00757576 0.00757576 0.02272727 0.00000000 0.00000000 0.00757576 0.00000000
0.00000000 0.00000000 0.00000000 0.20967742 0.14516129 0.12096774 0.14516129 0.00000000 0.11290323 0.20967742 0.00806452 0.00000000 0.00000000 0.01612903 0.00806452 0.00806452 0.00806452 0.00000000 0.00806452 0.00000000 0.00000000
0.00000000 0.02027027 0.00000000 0.13513514 0.18243243 0.18243243 0.12162162 0.15540541 0.00675676 0.15540541 0.00000000 0.00675676 0.00675676 0.00000000 0.00000000 0.00000000 0.00675676 0.00675676 0.00675676 0.00000000 0.00675676
0.00714286 0.00000000 0.00000000 0.00714286 0.15000000 0.20000000 0.12857143 0.15000000 0.20000000 0.00000000 0.10000000 0.00000000 0.00000000 0.00714286 0.00000000 0.02142857 0.00000000 0.00714286 0.00000000 0.01428571 0.00714286
0.01190476 0.01190476 0.02380952 0.00000000 0.00000000 0.00000000 0.01190476 0.01190476 0.01190476 0.21428571 0.00000000 0.11904762 0.15476190 0.13095238 0.13095238 0.15476190 0.00000000 0.01190476 0.00000000 0.00000000 0.00000000
0.01176471 0.00000000 0.01176471 0.00000000 0.02352941 0.00000000 0.01176471 0.01176471 0.02352941 0.00000000 0.18823529 0.00000000 0.10588235 0.10588235 0.17647059 0.12941176 0.18823529 0.00000000 0.00000000 0.01176471 0.00000000
0.01136364 0.00000000 0.02272727 0.00000000 0.01136364 0.01136364 0.00000000 0.00000000 0.00000000 0.00000000 0.13636364 0.12500000 0.00000000 0.09090909 0.18181818 0.27272727 0.10227273 0.02272727 0.01136364 0.00000000 0.00000000
0.01315789 0.00000000 0.00000000 0.01315789 0.00000000 0.00000000 0.01315789 0.01315789 0.01315789 0.01315789 0.11842105 0.13157895 0.18421053 0.00000000 0.14473684 0.14473684 0.13157895 0.01315789 0.02631579 0.01315789 0.01315789
0.02352941 0.00000000 0.00000000 0.00000000 0.00000000 0.00000000 0.00000000 0.00000000 0.00000000 0.00000000 0.16470588 0.18823529 0.20000000 0.11764706 0.00000000 0.11764706 0.12941176 0.02352941 0.01176471 0.01176471 0.01176471
0.00000000 0.00000000 0.01111111 0.02222222 0.00000000 0.00000000 0.00000000 0.01111111 0.00000000 0.02222222 0.14444444 0.17777778 0.15555556 0.14444444 0.12222222 0.00000000 0.16666667 0.00000000 0.02222222 0.00000000 0.00000000
0.00000000 0.02247191 0.00000000 0.03370787 0.00000000 0.00000000 0.01123596 0.00000000 0.00000000 0.00000000 0.00000000 0.15730337 0.11235955 0.19101124 0.14606742 0.12359551 0.00000000 0.19101124 0.00000000 0.01123596 0.00000000
0.20588235 0.15441176 0.00000000 0.00000000 0.00000000 0.02941176 0.00000000 0.00000000 0.00735294 0.00000000 0.00000000 0.00735294 0.00000000 0.00000000 0.00000000 0.00735294 0.12500000 0.00000000 0.17647059 0.11764706 0.16911765
0.14503817 0.15267176 0.16793893 0.01526718 0.00000000 0.00000000 0.00763359 0.00763359 0.00000000 0.00763359 0.00000000 0.03053435 0.00000000 0.00000000 0.00000000 0.00763359 0.00000000 0.17557252 0.00000000 0.15267176 0.12977099
0.17500000 0.18333333 0.11666667 0.00833333 0.00833333 0.00000000 0.00000000 0.00833333 0.00000000 0.00000000 0.00833333 0.00000000 0.00833333 0.01666667 0.00000000 0.00833333 0.00833333 0.14166667 0.15000000 0.00000000 0.15833333
0.18939394 0.12121212 0.16666667 0.00000000 0.00000000 0.00000000 0.01515152 0.00000000 0.00757576 0.00000000 0.00757576 0.00000000 0.01515152 0.00000000 0.01515152 0.00757576 0.00757576 0.16666667 0.15909091 0.12121212 0.00000000
