0.00598802 0.17964072 0.11377246 0.00598802 0.00000000 0.00000000 0.00000000 0.00000000 0.00000000 0.01197605 0.00000000 0.01796407 0.00000000 0.00000000 0.00000000 0.01197605 0.00000000 0.16766467 0.16167665 0.16167665 0.16167665
0.15976331 0.00000000 0.16568047 0.00000000 0.00591716 0.00591716 0.00591716 0.00000000 0.00591716 0.00000000 0.00000000 0.00000000 0.00591716 0.01183432 0.00000000 0.01183432 0.00000000 0.14792899 0.14792899 0.20118343 0.12426036
0.15584416 0.15584416 0.00000000 0.14285714 0.00649351 0.00649351 0.00000000 0.00649351 0.00000000 0.01298701 0.00000000 0.00000000 0.00000000 0.01298701 0.00000000 0.00000000 0.00000000 0.00649351 0.14285714 0.18181818 0.16883117
0.00000000 0.01010101 0.23232323 0.00000000 0.16161616 0.09090909 0.13131313 0.17171717 0.15151515 0.00000000 0.00000000 0.00000000 0.01010101 0.00000000 0.02020202 0.00000000 0.01010101 0.00000000 0.01010101 0.00000000 0.00000000
0.01234568 0.00000000 0.00000000 0.17283951 0.00000000 0.13580247 0.16049383 0.08641975 0.12345679 0.19753086 0.01234568 0.00000000 0.02469136 0.00000000 0.01234568 0.01234568 0.01234568 0.02469136 0.01234568 0.00000000 0.00000000
0.00000000 0.02777778 0.00000000 0.15277778 0.15277778 0.00000000 0.12500000 0.12500000 0.15277778 0.15277778 0.02777778 0.00000000 0.01388889 0.00000000 0.01388889 0.00000000 0.00000000 0.00000000 0.01388889 0.01388889 0.02777778
0.01176471 0.01176471 0.01176471 0.21176471 0.17647059 0.10588235 0.01176471 0.08235294 0.20000000 0.10588235 0.02352941 0.00000000 0.01176471 0.00000000 0.01176471 0.01176471 0.00000000 0.00000000 0.00000000 0.00000000 0.01176471
0.01351351 0.01351351 0.00000000 0.14864865 0.12162162 0.16216216 0.06756757 0.00000000 0.17567568 0.20270270 0.01351351 0.01351351 0.00000000 0.01351351 0.00000000 0.00000000 0.01351351 0.02702703 0.00000000 0.01351351 0.00000000
0.00000000 0.00000000 0.01063830 0.13829787 0.17021277 0.10638298 0.21276596 0.14893617 0.00000000 0.13829787 0.02127660 0.00000000 0.00000000 0.02127660 0.00000000 0.01063830 0.01063830 0.00000000 0.01063830 0.00000000 0.00000000
0.00000000 0.00000000 0.02150538 0.02150538 0.07526882 0.12903226 0.17204301 0.11827957 0.20430108 0.00000000 0.18279570 0.00000000 0.00000000 0.00000000 0.00000000 0.01075269 0.01075269 0.00000000 0.02150538 0.02150538 0.01075269
0.00000000 0.00000000 0.00000000 0.00000000 0.00000000 0.00000000 0.00000000 0.00961538 0.00000000 0.19230769 0.00000000 0.15384615 0.14423077 0.19230769 0.10576923 0.15384615 0.00000000 0.01923077 0.00961538 0.00000000 0.01923077
0.01098901 0.00000000 0.01098901 0.01098901 0.00000000 0.00000000 0.02197802 0.01098901 0.00000000 0.00000000 0.18681319 0.00000000 0.07692308 0.08791209 0.15384615 0.18681319 0.20879121 0.01098901 0.01098901 0.01098901 0.00000000
0.00970874 0.00000000 0.00000000 0.00000000 0.03883495 0.00970874 0.00000000 0.00000000 0.00000000 0.00000000 0.11650485 0.09708738 0.00000000 0.17475728 0.22330097 0.17475728 0.12621359 0.01941748 0.00000000 0.00000000 0.00970874
0.00000000 0.00000000 0.00000000 0.02247191 0.00000000 0.02247191 0.00000000 0.01123596 0.01123596 0.00000000 0.12359551 0.16853933 0.14606742 0.00000000 0.20224719 0.10112360 0.17977528 0.00000000 0.00000000 0.01123596 0.00000000
0.00000000 0.00000000 0.00000000 0.00000000 0.00000000 0.00000000 0.01869159 0.00000000 0.00000000 0.00000000 0.18691589 0.15887850 0.11214953 0.14018692 0.00000000 0.16822430 0.19626168 0.00000000 0.00934579 0.00934579 0.00000000
0.00961538 0.00000000 0.00961538 0.00961538 0.00000000 0.00961538 0.00000000 0.00961538 0.00961538 0.00000000 0.16346154 0.14423077 0.20192308 0.05769231 0.12500000 0.00000000 0.21153846 0.00000000 0.00000000 0.01923077 0.01923077
0.00000000 0.00847458 0.00847458 0.00000000 0.00000000 0.00847458 0.00000000 0.01694915 0.00847458 0.00000000 0.01694915 0.10169492 0.22033898 0.11016949 0.16949153 0.15254237 0.00000000 0.16949153 0.00847458 0.00000000 0.00000000
0.17610063 0.18867925 0.00000000 0.00628931 0.00000000 0.00628931 0.00628931 0.00000000 0.00628931 0.01257862 0.00000000 0.00628931 0.01257862 0.00000000 0.00000000 0.00000000 0.13836478 0.00000000 0.10691824 0.24528302 0.08805031
0.14838710 0.18064516 0.14838710 0.00000000 0.00645161 0.00645161 0.00000000 0.01290323 0.01290323 0.00000000 0.00000000 0.00645161 0.00000000 0.00645161 0.00000000 0.00000000 0.00000000 0.16774194 0.00000000 0.15483871 0.14838710
0.16042781 0.14438503 0.14438503 0.00534759 0.00000000 0.00000000 0.00000000 0.00000000 0.01069519 0.01069519 0.00000000 0.00000000 0.00000000 0.00534759 0.01069519 0.00000000 0.00000000 0.19251337 0.14438503 0.00000000 0.17112299
0.18543046 0.15894040 0.17880795 0.00000000 0.00000000 0.00000000 0.01324503 0.00000000 0.00000000 0.00662252 0.00000000 0.00000000 0.00662252 0.00000000 0.00662252 0.00000000 0.00000000 0.09271523 0.17880795 0.17218543 0.00000000
