0.00000000 0.19266055 0.13761468 0.00000000 0.00000000 0.00917431 0.00000000 0.00000000 0.00917431 0.00000000 0.00917431 0.00000000 0.00917431 0.00917431 0.00000000 0.00000000 0.00917431 0.16513761 0.15596330 0.10091743 0.19266055
0.14423077 0.00000000 0.16346154 0.00000000 0.00961538 0.01923077 0.00000000 0.00000000 0.00000000 0.00961538 0.02884615 0.00000000 0.00961538 0.00000000 0.00961538 0.00961538 0.00961538 0.12500000 0.17307692 0.10576923 0.18269231
0.18260870 0.16521739 0.00000000 0.12173913 0.00869565 0.00869565 0.00869565 0.01739130 0.00000000 0.00869565 0.00000000 0.00000000 0.00000000 0.00000000 0.00869565 0.00869565 0.00000000 0.01739130 0.11304348 0.16521739 0.16521739
0.01639344 0.01639344 0.13934426 0.00000000 0.10655738 0.13934426 0.22131148 0.17213115 0.15573770 0.00000000 0.00819672 0.00819672 0.00819672 0.00000000 0.00000000 0.00000000 0.00000000 0.00000000 0.00000000 0.00000000 0.00819672
0.00000000 0.00781250 0.01562500 0.16406250 0.00000000 0.14843750 0.11718750 0.13281250 0.15625000 0.20312500 0.00781250 0.01562500 0.00781250 0.00000000 0.00781250 0.00000000 0.00000000 0.00781250 0.00781250 0.00000000 0.00000000
0.00787402 0.00787402 0.00787402 0.13385827 0.18110236 0.00000000 0.16535433 0.18897638 0.14173228 0.13385827 0.00000000 0.00787402 0.00000000 0.00000000 0.00787402 0.00787402 0.00787402 0.00000000 0.00000000 0.00000000 0.00000000
0.00781250 0.00000000 0.01562500 0.12500000 0.17187500 0.11718750 0.00000000 0.17968750 0.16406250 0.17187500 0.00000000 0.00781250 0.00000000 0.00781250 0.00781250 0.00781250 0.00781250 0.00000000 0.00781250 0.00000000 0.00000000
0.00000000 0.00763359 0.00763359 0.14503817 0.17557252 0.20610687 0.13740458 0.00000000 0.12213740 0.16030534 0.00000000 0.00000000 0.00000000 0.01526718 0.00000000 0.00763359 0.00000000 0.00763359 0.00000000 0.00000000 0.00763359
0.00000000 0.00000000 0.00000000 0.19847328 0.13740458 0.13740458 0.13740458 0.18320611 0.00000000 0.16030534 0.00000000 0.00763359 0.00000000 0.00763359 0.00000000 0.00763359 0.00000000 0.00000000 0.00763359 0.00763359 0.00763359
0.00714286 0.00714286 0.00714286 0.00000000 0.15000000 0.15000000 0.15714286 0.10714286 0.20714286 0.00000000 0.16428571 0.00000000 0.00000000 0.00000000 0.01428571 0.00714286 0.00000000 0.00714286 0.00714286 0.00000000 0.00714286
0.00000000 0.00000000 0.00000000 0.00847458 0.00847458 0.00847458 0.00847458 0.00000000 0.00000000 0.22033898 0.00000000 0.16949153 0.13559322 0.11016949 0.16101695 0.14406780 0.01694915 0.00847458 0.00000000 0.00000000 0.00000000
0.01550388 0.00775194 0.00000000 0.01550388 0.00000000 0.00775194 0.00000000 0.00775194 0.00000000 0.00000000 0.12403101 0.00000000 0.14728682 0.20155039 0.10852713 0.21705426 0.13953488 0.00000000 0.00000000 0.00775194 0.00000000
0.00000000 0.00862069 0.00000000 0.00862069 0.00862069 0.00000000 0.00000000 0.00862069 0.00000000 0.00000000 0.11206897 0.15517241 0.00000000 0.14655172 0.17241379 0.14655172 0.20689655 0.00862069 0.00862069 0.00862069 0.00000000
0.00884956 0.00000000 0.01769912 0.00000000 0.00000000 0.00000000 0.00000000 0.00000000 0.01769912 0.00000000 0.17699115 0.16814159 0.15929204 0.00884956 0.09734513 0.15044248 0.14159292 0.02654867 0.00884956 0.01769912 0.00000000
0.01834862 0.00000000 0.00000000 0.00000000 0.00000000 0.00000000 0.00000000 0.00917431 0.00000000 0.00000000 0.17431193 0.23853211 0.18348624 0.09174312 0.00000000 0.11926606 0.14678899 0.00000000 0.00000000 0.00000000 0.01834862
0.00000000 0.00000000 0.00917431 0.00917431 0.00000000 0.00917431 0.01834862 0.00000000 0.00917431 0.00917431 0.17431193 0.16513761 0.16513761 0.10091743 0.16513761 0.00000000 0.11926606 0.00000000 0.01834862 0.01834862 0.00917431
0.00000000 0.00884956 0.00000000 0.00000000 0.01769912 0.00884956 0.00000000 0.00884956 0.01769912 0.00000000 0.00000000 0.17699115 0.15929204 0.22123894 0.15044248 0.07964602 0.00000000 0.13274336 0.00000000 0.00884956 0.00884956
0.22222222 0.08080808 0.00000000 0.00000000 0.00000000 0.00000000 0.02020202 0.01010101 0.01010101 0.00000000 0.01010101 0.01010101 0.00000000 0.01010101 0.00000000 0.00000000 0.16161616 0.00000000 0.13131313 0.15151515 0.18181818
0.13000000 0.12000000 0.17000000 0.01000000 0.00000000 0.02000000 0.01000000 0.00000000 0.01000000 0.01000000 0.00000000 0.00000000 0.01000000 0.02000000 0.00000000 0.00000000 0.01000000 0.16000000 0.00000000 0.22000000 0.10000000
0.17307692 0.14423077 0.18269231 0.00961538 0.00000000 0.00000000 0.00000000 0.00000000 0.00000000 0.02884615 0.00961538 0.00000000 0.00961538 0.00000000 0.01923077 0.00000000 0.02884615 0.12500000 0.11538462 0.00000000 0.15384615
0.09009009 0.18018018 0.18018018 0.01801802 0.01801802 0.00000000 0.00000000 0.00000000 0.00000000 0.00000000 0.00000000 0.00900901 0.00900901 0.01801802 0.00000000 0.00900901 0.00000000 0.12612613 0.18018018 0.16216216 0.00000000
