0.00000000 0.21989529 0.15706806 0.00000000 0.00000000 0.00000000 0.00523560 0.01047120 0.01047120 0.01047120 0.00000000 0.00000000 0.00523560 0.00523560 0.00000000 0.00000000 0.00000000 0.16230366 0.08900524 0.16753927 0.15706806
0.17441860 0.00000000 0.13953488 0.00000000 0.00000000 0.00000000 0.00000000 0.00000000 0.00000000 0.01162791 0.00581395 0.00581395 0.00581395 0.00000000 0.00000000 0.00581395 0.00581395 0.16860465 0.17441860 0.19186047 0.11046512
0.19047619 0.13605442 0.00000000 0.08163265 0.01360544 0.00680272 0.00000000 0.00000000 0.00680272 0.00000000 0.00000000 0.00000000 0.00000000 0.00000000 0.00680272 0.00000000 0.00000000 0.00000000 0.17687075 0.19047619 0.19047619
0.00000000 0.02173913 0.15217391 0.00000000 0.11956522 0.15217391 0.21739130 0.14130435 0.11956522 0.00000000 0.01086957 0.02173913 0.00000000 0.01086957 0.01086957 0.01086957 0.00000000 0.00000000 0.00000000 0.01086957 0.00000000
0.01351351 0.01351351 0.00000000 0.24324324 0.00000000 0.09459459 0.08108108 0.17567568 0.12162162 0.16216216 0.01351351 0.00000000 0.00000000 0.01351351 0.00000000 0.00000000 0.02702703 0.00000000 0.04054054 0.00000000 0.00000000
0.00000000 0.00000000 0.00000000 0.16883117 0.15584416 0.00000000 0.09090909 0.12987013 0.16883117 0.15584416 0.01298701 0.02597403 0.01298701 0.02597403 0.01298701 0.00000000 0.01298701 0.02597403 0.00000000 0.00000000 0.00000000
0.00000000 0.00000000 0.00000000 0.17391304 0.16304348 0.15217391 0.00000000 0.15217391 0.13043478 0.10869565 0.02173913 0.01086957 0.01086957 0.00000000 0.00000000 0.00000000 0.01086957 0.01086957 0.00000000 0.04347826 0.01086957
0.00000000 0.00000000 0.01282051 0.16666667 0.16666667 0.16666667 0.21794872 0.00000000 0.11538462 0.10256410 0.01282051 0.00000000 0.01282051 0.00000000 0.01282051 0.01282051 0.00000000 0.00000000 0.00000000 0.00000000 0.00000000
0.00000000 0.00000000 0.00000000 0.14285714 0.07142857 0.17142857 0.25714286 0.12857143 0.00000000 0.14285714 0.01428571 0.01428571 0.01428571 0.00000000 0.00000000 0.01428571 0.00000000 0.02857143 0.00000000 0.00000000 0.00000000
0.01515152 0.00000000 0.00000000 0.01515152 0.13636364 0.13636364 0.27272727 0.13636364 0.13636364 0.00000000 0.06060606 0.00000000 0.01515152 0.01515152 0.00000000 0.03030303 0.00000000 0.00000000 0.01515152 0.00000000 0.01515152
0.02409639 0.00000000 0.00000000 0.00000000 0.02409639 0.00000000 0.00000000 0.02409639 0.00000000 0.09638554 0.00000000 0.08433735 0.12048193 0.14457831 0.22891566 0.19277108 0.01204819 0.01204819 0.02409639 0.01204819 0.00000000
0.00000000 0.00000000 0.02912621 0.00970874 0.00000000 0.00000000 0.00000000 0.00970874 0.00970874 0.00000000 0.16504854 0.00000000 0.11650485 0.14563107 0.17475728 0.18446602 0.15533981 0.00000000 0.00000000 0.00000000 0.00000000
0.01250000 0.01250000 0.01250000 0.02500000 0.02500000 0.00000000 0.01250000 0.00000000 0.00000000 0.00000000 0.17500000 0.16250000 0.00000000 0.11250000 0.15000000 0.12500000 0.16250000 0.00000000 0.00000000 0.00000000 0.01250000
0.00980392 0.00000000 0.00000000 0.00980392 0.00000000 0.01960784 0.00000000 0.00000000 0.00000000 0.00000000 0.11764706 0.14705882 0.15686275 0.00000000 0.15686275 0.18627451 0.15686275 0.00000000 0.01960784 0.00980392 0.00980392
0.01818182 0.00000000 0.00000000 0.00909091 0.00000000 0.00909091 0.00909091 0.00909091 0.00000000 0.00000000 0.14545455 0.22727273 0.06363636 0.19090909 0.00000000 0.12727273 0.16363636 0.00909091 0.00909091 0.00909091 0.00000000
0.01010101 0.01010101 0.00000000 0.02020202 0.00000000 0.00000000 0.01010101 0.01010101 0.01010101 0.00000000 0.11111111 0.14141414 0.13131313 0.18181818 0.21212121 0.00000000 0.12121212 0.02020202 0.00000000 0.01010101 0.00000000
0.00909091 0.02727273 0.00000000 0.00909091 0.00909091 0.00000000 0.00909091 0.00909091 0.00000000 0.00000000 0.00909091 0.19090909 0.10909091 0.16363636 0.14545455 0.11818182 0.00000000 0.18181818 0.00000000 0.00000000 0.00909091
0.16939891 0.13114754 0.00546448 0.00000000 0.00000000 0.00546448 0.00000000 0.01092896 0.00546448 0.00000000 0.00000000 0.00000000 0.00546448 0.00546448 0.00546448 0.00000000 0.14754098 0.00000000 0.19125683 0.14754098 0.16939891
0.18343195 0.12426036 0.13609467 0.00000000 0.00591716 0.00591716 0.00591716 0.00000000 0.00000000 0.00591716 0.00000000 0.00591716 0.00000000 0.00000000 0.01183432 0.00591716 0.01183432 0.16568047 0.00000000 0.14201183 0.18934911
0.14917127 0.20441989 0.13812155 0.00000000 0.00552486 0.00552486 0.00000000 0.00000000 0.00552486 0.00000000 0.00000000 0.00000000 0.00000000 0.01104972 0.00552486 0.00552486 0.00000000 0.17679558 0.12154696 0.00000000 0.17127072
0.19774011 0.11299435 0.14124294 0.00564972 0.00000000 0.00564972 0.00000000 0.00000000 0.00000000 0.00564972 0.00000000 0.00000000 0.01129944 0.00000000 0.00000000 0.00000000 0.00000000 0.19209040 0.16949153 0.15819209 0.00000000
