0.00000000 0.08653846 0.19230769 0.00000000 0.00000000 0.00000000 0.00000000 0.00961538 0.00000000 0.00000000 0.00961538 0.00000000 0.02884615 0.00000000 0.00000000 0.02884615 0.01923077 0.16346154 0.11538462 0.14423077 0.20192308
0.17021277 0.00000000 0.14893617 0.00000000 0.00000000 0.01063830 0.03191489 0.00000000 0.00000000 0.00000000 0.02127660 0.01063830 0.00000000 0.00000000 0.01063830 0.00000000 0.01063830 0.12765957 0.21276596 0.09574468 0.14893617
0.14141414 0.17171717 0.00000000 0.15151515 0.01010101 0.01010101 0.01010101 0.00000000 0.01010101 0.00000000 0.01010101 0.03030303 0.00000000 0.00000000 0.00000000 0.00000000 0.01010101 0.01010101 0.15151515 0.14141414 0.14141414
0.00000000 0.00800000 0.13600000 0.00000000 0.16000000 0.21600000 0.16000000 0.14400000 0.11200000 0.00000000 0.00000000 0.00800000 0.00000000 0.00800000 0.00000000 0.00000000 0.00800000 0.02400000 0.00800000 0.00000000 0.00800000
0.00781250 0.02343750 0.00781250 0.17187500 0.00000000 0.11718750 0.16406250 0.13281250 0.18750000 0.16406250 0.00000000 0.00000000 0.00000000 0.00000000 0.00000000 0.00781250 0.00781250 0.00000000 0.00000000 0.00781250 0.00000000
0.02272727 0.00000000 0.02272727 0.14393939 0.17424242 0.00000000 0.15909091 0.15909091 0.11363636 0.17424242 0.00000000 0.00000000 0.00757576 0.00757576 0.01515152 0.00000000 0.00000000 0.00000000 0.00000000 0.00000000 0.00000000
0.01538462 0.00000000 0.00000000 0.14615385 0.16923077 0.16923077 0.00000000 0.13076923 0.14615385 0.18461538 0.00000000 0.01538462 0.00000000 0.00000000 0.00769231 0.00000000 0.00000000 0.00000000 0.00769231 0.00769231 0.00000000
0.00000000 0.00000000 0.00000000 0.14166667 0.22500000 0.12500000 0.16666667 0.00000000 0.20000000 0.10833333 0.00000000 0.00000000 0.00833333 0.00000000 0.00000000 0.00000000 0.00833333 0.00000000 0.00833333 0.00833333 0.00000000
0.00000000 0.00000000 0.00000000 0.19354839 0.12096774 0.16129032 0.14516129 0.16129032 0.00000000 0.13709677 0.00806452 0.00806452 0.00000000 0.00806452 0.01612903 0.01612903 0.00000000 0.00000000 0.00806452 0.00000000 0.01612903
0.00769231 0.00000000 0.00769231 0.00769231 0.13076923 0.17692308 0.16923077 0.15384615 0.13846154 0.00000000 0.15384615 0.00769231 0.00000000 0.00769231 0.00000000 0.00769231 0.00000000 0.00769231 0.00769231 0.00769231 0.00769231
0.00793651 0.00000000 0.00000000 0.00000000 0.01587302 0.00000000 0.00000000 0.00793651 0.00793651 0.19841270 0.00000000 0.19841270 0.07936508 0.23809524 0.12698413 0.10317460 0.00000000 0.00000000 0.00000000 0.00000000 0.01587302
0.00000000 0.00757576 0.00000000 0.00757576 0.00000000 0.00757576 0.00000000 0.00000000 0.00000000 0.00000000 0.12121212 0.00000000 0.16666667 0.23484848 0.12121212 0.13636364 0.16666667 0.02272727 0.00000000 0.00757576 0.00000000
0.00000000 0.02564103 0.00854701 0.00000000 0.00000000 0.00854701 0.00000000 0.00000000 0.00854701 0.00000000 0.15384615 0.18803419 0.00000000 0.18803419 0.17094017 0.15384615 0.07692308 0.00000000 0.00000000 0.01709402 0.00000000
0.00632911 0.00000000 0.00632911 0.01265823 0.00000000 0.01265823 0.00000000 0.00000000 0.00632911 0.00632911 0.16455696 0.11392405 0.16455696 0.00000000 0.16455696 0.17721519 0.15822785 0.00000000 0.00632911 0.00000000 0.00000000
0.00000000 0.01612903 0.00000000 0.01612903 0.00000000 0.00000000 0.00000000 0.00806452 0.01612903 0.00000000 0.14516129 0.15322581 0.13709677 0.19354839 0.00000000 0.17741935 0.11290323 0.01612903 0.00806452 0.00000000 0.00000000
0.00000000 0.00000000 0.00000000 0.00000000 0.00800000 0.00000000 0.00800000 0.01600000 0.00800000 0.00800000 0.15200000 0.14400000 0.12800000 0.19200000 0.14400000 0.00000000 0.15200000 0.00800000 0.01600000 0.00800000 0.00800000
0.00000000 0.00000000 0.00000000 0.00884956 0.00000000 0.01769912 0.00000000 0.00000000 0.00884956 0.00884956 0.00000000 0.16814159 0.16814159 0.15929204 0.17699115 0.14159292 0.00000000 0.10619469 0.00884956 0.02654867 0.00000000
0.21649485 0.13402062 0.00000000 0.00000000 0.00000000 0.02061856 0.00000000 0.01030928 0.00000000 0.01030928 0.01030928 0.00000000 0.01030928 0.00000000 0.01030928 0.02061856 0.17525773 0.00000000 0.15463918 0.13402062 0.09278351
0.18947368 0.15789474 0.12631579 0.00000000 0.00000000 0.00000000 0.02105263 0.00000000 0.00000000 0.02105263 0.02105263 0.00000000 0.00000000 0.01052632 0.01052632 0.00000000 0.00000000 0.16842105 0.00000000 0.13684211 0.13684211
0.12500000 0.14772727 0.15909091 0.00000000 0.00000000 0.00000000 0.01136364 0.01136364 0.00000000 0.00000000 0.01136364 0.02272727 0.00000000 0.02272727 0.00000000 0.01136364 0.00000000 0.15909091 0.12500000 0.00000000 0.19318182
0.15789474 0.17894737 0.15789474 0.02105263 0.00000000 0.00000000 0.00000000 0.00000000 0.01052632 0.01052632 0.00000000 0.00000000 0.01052632 0.02105263 0.00000000 0.00000000 0.01052632 0.15789474 0.12631579 0.13684211 0.00000000
