0.00000000 0.11811024 0.19685039 0.00000000 0.01574803 0.00000000 0.00787402 0.00000000 0.00787402 0.00787402 0.00787402 0.00000000 0.00787402 0.00000000 0.00000000 0.00000000 0.01574803 0.14960630 0.12598425 0.19685039 0.14173228
0.18260870 0.00000000 0.15652174 0.00869565 0.00000000 0.00869565 0.00000000 0.00000000 0.00000000 0.00869565 0.01739130 0.00000000 0.01739130 0.00869565 0.00000000 0.00000000 0.00000000 0.13913043 0.14782609 0.13913043 0.16521739
0.18705036 0.13669065 0.00000000 0.15827338 0.00719424 0.00719424 0.02158273 0.00000000 0.00000000 0.00000000 0.00000000 0.00000000 0.00000000 0.00000000 0.00000000 0.00719424 0.00719424 0.00000000 0.16546763 0.14388489 0.15827338
0.00000000 0.00000000 0.20175439 0.00000000 0.13157895 0.08771930 0.20175439 0.21052632 0.11403509 0.00000000 0.00000000 0.01754386 0.00877193 0.00000000 0.00000000 0.00877193 0.00877193 0.00000000 0.00000000 0.00000000 0.00877193
0.00000000 0.01052632 0.01052632 0.10526316 0.00000000 0.20000000 0.15789474 0.16842105 0.14736842 0.11578947 0.02105263 0.01052632 0.01052632 0.01052632 0.01052632 0.00000000 0.01052632 0.00000000 0.00000000 0.01052632 0.00000000
0.00000000 0.01801802 0.00000000 0.20720721 0.11711712 0.00000000 0.16216216 0.10810811 0.15315315 0.17117117 0.00000000 0.00000000 0.00000000 0.00900901 0.00000000 0.01801802 0.00000000 0.00900901 0.01801802 0.00000000 0.00900901
0.00000000 0.00909091 0.00909091 0.14545455 0.14545455 0.10909091 0.00000000 0.22727273 0.14545455 0.13636364 0.00000000 0.00000000 0.00909091 0.00000000 0.00909091 0.00909091 0.01818182 0.00909091 0.00000000 0.00909091 0.00909091
0.00884956 0.00884956 0.00000000 0.11504425 0.08849558 0.23008850 0.17699115 0.00000000 0.14159292 0.17699115 0.00000000 0.00000000 0.00000000 0.00884956 0.00884956 0.00000000 0.00884956 0.00884956 0.00000000 0.00884956 0.00884956
0.00000000 0.00000000 0.00000000 0.23232323 0.14141414 0.17171717 0.10101010 0.14141414 0.00000000 0.13131313 0.01010101 0.01010101 0.01010101 0.00000000 0.01010101 0.00000000 0.00000000 0.00000000 0.01010101 0.01010101 0.02020202
0.00000000 0.00990099 0.00000000 0.00990099 0.16831683 0.16831683 0.13861386 0.13861386 0.12871287 0.00000000 0.14851485 0.00990099 0.00000000 0.00000000 0.00000000 0.00990099 0.00000000 0.00990099 0.02970297 0.01980198 0.00990099
0.00000000 0.01769912 0.00884956 0.00000000 0.00000000 0.00884956 0.00000000 0.00884956 0.00884956 0.13274336 0.00000000 0.14159292 0.12389381 0.15929204 0.19469027 0.18584071 0.00884956 0.00000000 0.00000000 0.00000000 0.00000000
0.00869565 0.00000000 0.00869565 0.00869565 0.00000000 0.00000000 0.00000000 0.00869565 0.01739130 0.00869565 0.14782609 0.00000000 0.12173913 0.16521739 0.19130435 0.13913043 0.15652174 0.00869565 0.00000000 0.00869565 0.00000000
0.01980198 0.00990099 0.00990099 0.00990099 0.00990099 0.00990099 0.00000000 0.00000000 0.00000000 0.00000000 0.15841584 0.13861386 0.00000000 0.12871287 0.13861386 0.13861386 0.19801980 0.00990099 0.00990099 0.00990099 0.00000000
0.00892857 0.00000000 0.00000000 0.00000000 0.01785714 0.00892857 0.01785714 0.00000000 0.00892857 0.00892857 0.18750000 0.15178571 0.09821429 0.00000000 0.16964286 0.11607143 0.17857143 0.00892857 0.00000000 0.00892857 0.00892857
0.00000000 0.00000000 0.00000000 0.00806452 0.00806452 0.00806452 0.00806452 0.00806452 0.00000000 0.00806452 0.16129032 0.17741935 0.12903226 0.15322581 0.00000000 0.16129032 0.15322581 0.00000000 0.00000000 0.00806452 0.00806452
0.01754386 0.00877193 0.00000000 0.00000000 0.00000000 0.00000000 0.00000000 0.00000000 0.02631579 0.00877193 0.15789474 0.14035088 0.20175439 0.14035088 0.15789474 0.00000000 0.11403509 0.00877193 0.01754386 0.00000000 0.00000000
0.00000000 0.00806452 0.00806452 0.00000000 0.01612903 0.00000000 0.00000000 0.00806452 0.00000000 0.00000000 0.00000000 0.17741935 0.11290323 0.16129032 0.15322581 0.16935484 0.00000000 0.17741935 0.00000000 0.00000000 0.00806452
0.10937500 0.14843750 0.00000000 0.00000000 0.00000000 0.00781250 0.00000000 0.01562500 0.00781250 0.00000000 0.00000000 0.00000000 0.00781250 0.00781250 0.01562500 0.00000000 0.17187500 0.00000000 0.17187500 0.15625000 0.17968750
0.16666667 0.11904762 0.18253968 0.00000000 0.00793651 0.00793651 0.00000000 0.00000000 0.00793651 0.00793651 0.00793651 0.00000000 0.00000000 0.00000000 0.01587302 0.00000000 0.00000000 0.13492063 0.00000000 0.19047619 0.15079365
0.14893617 0.11347518 0.15602837 0.01418440 0.00000000 0.00709220 0.01418440 0.00709220 0.00000000 0.00000000 0.00000000 0.01418440 0.00000000 0.00709220 0.00000000 0.00709220 0.01418440 0.18439716 0.14893617 0.00000000 0.16312057
0.12686567 0.14925373 0.16417910 0.00000000 0.00000000 0.00746269 0.00000000 0.00746269 0.00000000 0.00746269 0.00000000 0.00746269 0.00746269 0.00746269 0.01492537 0.01492537 0.00746269 0.14925373 0.13432836 0.19402985 0.00000000
